1000 5000
772 23 1 -4
772 285 9 4
772 123 9 9
772 296 -2 10
772 111 -2 3
772 455 6 5
772 606 -3 -5
772 402 10 -4
772 112 4 2
772 723 2 2
772 92 6 -3
772 66 4 9
772 709 6 0
772 638 1 -5
772 685 9 -5
772 356 -4 5
772 483 1 8
772 834 1 6
772 222 8 -4
772 935 3 3
772 200 0 -4
772 932 1 10
772 315 6 0
772 391 -5 -4
772 801 2 8
772 892 2 -2
772 785 -2 -1
772 752 2 2
772 61 1 8
772 580 7 1
772 775 3 6
772 478 8 10
772 824 4 1
772 624 0 5
772 69 2 0
772 581 0 5
772 270 -4 7
772 972 7 3
772 324 2 -1
772 407 9 8
772 825 7 6
772 672 8 7
772 33 4 2
772 469 -3 2
772 52 10 2
772 129 -2 6
772 170 3 -4
772 996 8 6
772 121 5 -3
772 227 2 6
772 177 6 1
772 944 -2 6
772 352 -5 5
772 229 2 9
772 278 -3 1
772 199 -2 -1
772 573 -4 -2
772 691 0 8
772 629 -1 0
772 195 5 -1
772 839 -5 9
772 136 -2 -1
772 844 -2 5
772 327 -5 -5
772 885 1 0
772 236 10 -3
772 500 0 8
772 764 2 10
772 447 5 5
772 158 -1 2
772 763 7 4
772 54 -1 0
772 210 1 -1
772 965 -3 8
772 974 0 0
772 242 7 -4
772 201 9 -5
772 755 -3 9
772 357 3 2
772 30 -1 10
772 563 4 -4
772 187 3 -3
772 622 -4 -1
772 588 6 -2
772 249 7 -5
772 836 4 -2
772 603 10 9
772 830 4 8
772 332 3 -3
772 221 6 2
772 710 4 1
772 743 -4 7
772 593 10 -3
772 781 6 7
772 212 3 6
772 162 0 9
772 715 8 7
772 331 6 7
772 859 8 2
772 922 -5 7
772 13 0 -5
772 287 1 4
772 737 7 5
772 145 8 4
772 7 -2 1
772 393 6 5
772 235 -4 7
772 539 3 5
772 700 1 -1
772 644 -1 -1
772 909 6 3
772 308 -3 5
772 551 1 -3
772 990 2 -2
772 496 9 8
772 449 10 -5
772 559 2 10
772 197 -5 9
772 188 7 -4
772 49 -2 8
772 594 -4 8
772 298 -1 4
772 400 9 3
772 837 9 -1
772 987 6 -2
772 819 6 -1
772 31 6 6
772 376 10 0
772 916 1 9
772 454 1 3
772 853 2 -4
772 125 2 -3
772 587 -3 0
772 397 3 7
772 238 -4 9
772 523 -3 0
772 206 -1 -1
772 493 6 3
772 665 2 -5
772 623 -4 -3
772 451 -2 0
772 748 -5 1
772 963 2 0
772 272 6 6
772 183 3 10
772 445 10 -5
772 377 -5 7
772 174 4 -5
772 322 4 7
772 97 -5 -4
772 655 -3 3
772 135 5 8
772 676 1 -1
772 843 8 5
772 479 3 4
772 460 -3 -1
772 852 -1 8
772 686 6 -1
772 346 -4 9
772 779 2 1
772 42 5 3
772 566 -1 3
772 831 -3 -2
772 109 9 -4
772 778 9 -4
772 883 4 2
772 105 -3 4
772 67 -2 -3
772 60 6 -2
772 51 -5 3
772 457 -5 -3
772 213 0 9
772 75 0 -2
772 22 0 3
772 756 -2 6
772 295 6 7
772 986 8 1
772 879 -4 7
772 140 1 10
772 218 0 2
772 815 1 1
772 168 1 8
772 946 2 -2
772 239 -4 0
772 818 6 0
772 36 -2 9
772 314 -1 -5
772 343 -5 6
772 911 -1 3
772 546 2 7
772 826 -5 9
772 453 3 -3
772 492 10 7
772 198 -3 -5
772 757 -4 -3
772 988 -4 7
772 914 10 4
772 417 0 2
772 208 -4 -5
772 893 -1 2
772 396 3 5
772 259 0 7
772 5 -4 2
772 540 2 -1
772 118 -5 -1
772 98 7 3
772 154 6 -2
772 954 4 -3
772 857 0 9
772 317 7 6
772 388 0 9
772 618 4 6
772 21 -5 8
772 848 -4 3
772 147 0 3
772 696 9 10
772 34 -5 -2
772 143 10 10
772 273 5 4
772 134 8 6
772 25 -5 -1
772 169 3 -4
772 44 2 -3
772 78 -4 1
772 261 -3 9
772 997 2 10
772 518 9 -5
772 165 10 9
772 515 3 1
772 472 9 0
772 463 8 8
772 901 10 -2
772 531 -4 8
772 6 -1 8
772 993 8 0
772 948 -1 -1
772 679 9 1
772 934 -4 9
772 586 2 5
772 211 5 2
772 736 2 2
772 409 5 5
772 76 -3 -1
772 625 6 4
772 933 0 -4
772 860 5 -2
772 943 9 6
772 868 10 -5
772 267 10 9
772 787 -2 5
772 741 -2 -2
772 788 1 9
772 989 -5 -5
772 258 4 3
772 440 -3 0
772 224 10 -3
772 164 8 4
772 166 -2 10
772 891 -1 -1
772 507 4 -1
772 733 2 1
772 384 0 3
772 677 1 0
772 571 7 -2
772 192 3 10
772 936 -3 -5
772 858 -3 0
772 635 3 -1
772 458 2 6
772 90 -1 -5
772 864 8 7
772 452 10 6
684 508 -4 1
684 763 4 -2
684 692 6 10
684 984 -1 4
684 1 -4 6
684 347 -5 3
684 730 0 -5
684 929 1 9
684 440 -4 6
684 310 4 9
684 618 3 8
684 332 -1 9
684 228 6 -3
684 362 1 -2
684 852 9 -1
684 50 -4 -3
684 611 7 1
684 284 6 7
684 307 4 2
684 409 -4 5
684 139 -4 -2
684 899 1 0
684 0 -2 -3
684 603 10 -3
684 308 9 -2
684 243 -5 2
684 631 7 8
684 377 10 7
684 758 3 -3
684 57 -2 7
684 803 4 6
684 242 10 -3
684 911 -2 4
684 450 7 4
684 235 10 5
684 559 10 8
684 614 3 4
684 563 3 2
684 373 -5 3
684 764 0 -2
684 622 3 9
684 750 1 4
684 713 7 5
684 280 9 -2
684 383 3 3
684 210 -4 3
684 857 4 -2
684 372 5 -2
684 660 9 -5
684 575 8 7
684 8 2 6
684 384 -1 6
684 474 0 9
684 525 2 -4
684 463 3 9
684 295 -5 0
684 323 0 -1
684 300 -5 8
684 760 1 -2
684 136 5 0
684 926 -3 -3
684 924 -4 5
684 989 3 4
684 883 -4 5
684 689 8 0
684 248 10 1
684 947 -2 4
684 469 3 -4
684 578 3 8
684 236 3 3
684 796 5 -3
684 426 1 10
684 806 7 10
684 164 7 7
684 529 7 9
684 124 -1 2
684 633 -1 1
684 917 -5 10
684 780 10 1
684 609 10 7
684 683 6 10
684 951 1 -3
684 589 7 9
684 889 -2 1
684 128 9 -2
684 492 0 7
684 558 -2 -1
684 482 -3 0
684 538 -2 9
684 952 5 9
684 43 8 -3
684 138 1 6
684 953 6 5
684 520 3 0
684 149 6 3
684 89 9 2
684 734 5 -3
684 455 5 -5
684 269 7 -4
684 47 2 9
684 640 1 6
684 795 1 -2
684 151 4 8
684 388 1 5
684 566 5 1
684 192 8 10
684 549 -4 8
684 71 -1 4
684 837 -2 -5
684 637 4 10
684 748 0 0
684 621 -3 2
684 784 2 10
684 557 2 -2
684 268 -3 1
684 781 7 10
684 703 5 1
684 98 8 -2
684 521 -3 -5
684 708 0 -2
684 537 -1 -2
684 325 -4 -5
684 157 6 -5
684 602 2 -1
684 773 1 6
684 753 5 5
684 545 3 0
684 233 10 1
684 315 -3 2
684 289 -1 8
684 358 4 -2
684 554 -2 10
684 590 6 -1
684 793 5 -5
684 533 1 5
684 399 1 -5
684 72 1 -3
684 348 4 1
684 659 5 -1
684 227 1 -2
684 147 3 10
684 45 1 2
684 95 -5 10
684 249 -5 5
684 65 9 -1
684 107 4 -4
684 331 6 10
684 671 -3 -5
684 368 8 7
684 361 9 5
684 707 6 2
684 749 6 0
684 486 5 5
684 835 -2 7
684 718 4 4
684 808 -3 7
684 499 4 2
684 962 4 -1
684 785 8 -3
684 973 4 -5
684 551 5 1
684 494 1 -5
684 341 -1 5
684 752 -2 8
684 838 6 -3
684 985 4 9
684 313 -3 -4
684 376 1 0
684 52 -2 -1
684 84 -2 1
684 847 4 -2
684 680 0 1
684 812 -4 0
684 334 -5 10
684 115 0 -2
684 999 10 -1
684 542 3 2
684 288 10 -3
684 931 7 -3
684 200 9 5
684 675 10 3
684 209 0 8
684 185 8 7
684 955 -2 6
684 193 5 5
684 968 6 2
684 504 7 7
684 826 1 1
684 478 9 6
684 420 9 -3
684 364 -5 -2
684 134 -4 9
684 996 1 0
684 170 -3 10
684 392 2 5
684 988 10 -3
684 961 0 9
684 75 5 0
684 370 10 10
684 234 8 2
684 502 -4 6
684 197 -3 5
684 517 -1 -4
684 786 6 9
684 778 7 10
684 221 -5 9
684 199 1 3
684 548 -3 0
684 945 -5 -5
684 561 10 -1
684 506 1 4
684 925 -3 -2
684 663 3 5
684 963 -5 1
684 978 -1 6
684 489 1 -3
684 456 3 -1
684 366 -2 -4
684 153 -1 7
684 55 -5 10
684 523 3 -4
684 585 2 0
684 799 10 8
684 375 4 2
684 515 8 1
684 543 -1 -1
684 78 4 10
684 939 0 7
684 430 -1 -3
684 265 2 -4
684 86 0 6
684 344 2 0
684 457 1 6
684 827 0 -1
684 274 -1 3
684 241 0 0
684 910 2 8
684 244 8 -2
684 669 -5 -5
684 821 8 3
684 736 -1 7
684 630 4 7
684 888 10 5
684 912 1 3
684 290 -1 -3
684 85 10 0
684 161 -3 -5
684 805 -1 3
684 314 4 2
684 907 5 -4
684 556 -1 8
684 294 0 -2
684 30 0 -2
684 421 8 -2
684 873 4 1
684 890 9 5
684 283 -3 3
684 495 -5 6
684 706 9 6
684 350 -1 -3
684 423 -5 5
684 919 9 7
684 203 0 -1
684 396 -5 -1
684 674 -1 6
684 726 -5 -3
684 922 10 9
684 699 0 9
684 394 9 9
684 709 1 4
684 587 3 -3
684 386 1 10
684 851 3 2
684 140 7 -4
684 745 7 1
684 247 -2 9
684 231 -3 -2
684 434 5 5
684 571 3 -2
684 118 -1 -3
684 398 10 7
684 775 -1 -5
684 863 1 -4
684 879 2 -2
684 454 -1 8
684 207 6 7
684 705 5 -4
684 276 -1 7
684 25 9 -2
684 449 8 9
684 349 1 7
684 678 -5 9
684 397 -1 6
684 49 -2 -5
684 971 -5 2
684 54 0 0
684 278 4 -2
684 166 5 -2
684 646 3 6
684 792 -3 5
684 789 0 4
684 681 -2 2
684 527 -4 10
684 788 10 -3
684 850 4 3
684 597 5 -2
684 507 5 5
684 13 0 10
684 742 10 -4
684 816 8 -5
684 702 2 9
684 592 6 4
684 886 6 3
684 782 -2 1
684 867 4 -4
684 113 3 -2
684 794 8 -1
684 900 8 -4
684 389 3 10
684 417 0 10
684 187 7 -3
684 731 1 -3
684 142 0 5
684 436 -3 10
684 305 -4 3
684 129 10 3
684 285 3 3
684 435 2 -5
684 301 0 6
684 132 4 5
684 569 8 -1
684 321 0 -4
684 583 -2 -5
684 539 -2 2
684 874 6 3
684 964 7 -3
684 966 8 8
684 493 -5 1
684 797 -1 -2
684 41 0 -3
684 382 1 -3
684 979 9 1
684 891 -4 8
684 106 7 3
684 56 5 -1
684 260 -5 7
684 60 -2 4
684 218 0 10
684 447 2 1
684 724 0 6
684 18 2 -4
684 223 0 4
684 215 -5 6
684 872 4 4
684 460 5 -5
684 720 -1 9
684 942 4 6
684 844 0 3
684 727 -4 -1
684 582 6 -5
684 26 7 -5
684 639 9 1
684 317 0 8
684 950 6 -2
684 165 -2 1
684 202 -2 3
684 110 5 0
684 9 -1 -5
684 898 10 5
684 428 7 -4
684 405 10 8
684 616 2 7
684 2 4 -3
684 518 0 3
684 148 3 6
684 155 8 10
684 986 -4 9
684 217 8 8
684 649 -2 -1
684 500 7 -5
684 965 -5 0
684 36 9 4
684 990 7 -2
684 169 -3 0
684 642 -1 7
684 896 3 7
684 717 2 6
684 77 3 -4
684 711 -2 -5
684 488 -3 9
684 24 2 3
684 672 9 10
684 728 0 9
684 625 3 6
684 565 6 -5
684 299 4 3
684 811 8 8
684 513 -3 -3
684 87 5 9
684 135 7 0
684 256 -1 10
684 722 6 0
684 643 7 5
684 737 6 5
684 686 -3 8
684 111 -5 1
684 645 -5 -3
684 22 7 -4
684 412 1 3
684 353 2 4
684 120 4 3
684 626 -1 -3
684 461 -3 -3
684 176 4 6
684 519 7 8
684 801 7 8
684 69 5 -1
684 360 -1 1
684 915 -2 -4
684 650 6 10
684 817 2 8
684 921 -3 -4
684 516 -5 5
684 459 2 6
684 546 5 9
684 619 -5 6
684 710 8 -5
684 23 -5 -5
684 162 -1 -3
684 336 2 2
684 503 -4 -5
684 261 3 9
684 636 9 1
684 229 3 9
684 29 2 -1
684 27 1 1
684 550 8 -3
684 555 0 4
684 222 0 0
684 252 3 4
684 116 5 -1
684 696 0 -1
684 757 4 8
684 987 10 3
684 916 4 0
684 35 1 4
684 174 2 6
684 359 4 4
684 189 5 3
684 171 6 10
684 761 8 9
684 994 -1 1
684 729 9 -2
684 152 3 9
684 179 1 -5
684 877 9 5
684 137 -2 -2
684 472 3 -3
684 998 -1 -4
684 432 4 9
684 224 -5 8
684 970 6 5
684 606 -4 -1
684 328 -5 -4
684 932 -4 -5
684 340 0 8
684 612 6 4
684 339 5 7
684 620 -1 1
684 524 -5 -2
684 848 -2 -3
684 163 3 0
684 452 5 2
684 769 3 4
684 787 -1 6
684 897 4 2
684 491 0 4
684 946 3 -3
684 751 -3 -4
684 974 -4 6
684 108 -3 3
684 92 9 -2
684 584 8 5
684 937 7 0
684 498 4 0
684 271 6 -1
684 656 -5 -2
684 216 8 1
684 448 0 0
684 903 2 8
684 186 8 4
684 58 10 3
684 63 -4 -5
684 934 3 3
684 150 7 3
684 445 -4 -4
684 180 -1 7
684 528 3 4
684 746 5 -5
684 573 8 7
684 31 -3 -2
684 181 0 -2
684 714 0 0
684 930 7 8
684 322 5 4
684 143 4 -4
684 178 5 -5
684 756 7 -4
684 272 -2 9
684 868 -1 2
684 251 6 8
684 395 7 -3
684 16 -1 -5
684 770 -3 3
684 864 3 8
684 403 8 -2
684 438 7 6
684 738 4 -4
684 842 -3 10
684 263 -1 -3
684 580 -2 -5
684 813 -4 -4
684 477 -3 0
684 306 -1 2
684 64 8 6
684 402 0 10
684 205 4 2
684 870 -1 4
684 601 -2 -2
684 540 3 4
684 39 4 -2
684 237 1 6
684 846 -3 8
684 270 10 4
684 194 -3 10
684 779 10 -1
684 862 1 -3
684 465 3 5
684 259 7 0
684 471 -5 9
684 61 8 6
684 997 8 8
684 721 1 7
684 114 0 5
684 833 8 2
684 59 6 6
684 264 2 1
684 282 6 10
684 239 3 -4
684 954 -3 10
684 853 -3 3
684 648 -3 -3
684 732 -1 -2
684 76 9 5
684 909 -5 6
684 771 2 3
684 685 -3 4
684 829 2 7
684 90 3 10
684 304 6 5
684 936 2 9
684 701 3 6
684 754 2 -4
684 697 6 -4
684 744 3 6
684 824 6 -2
684 536 10 5
684 790 9 6
684 381 9 10
684 802 10 2
684 342 -3 1
684 690 -4 -1
684 783 -4 -5
684 832 1 -1
684 941 -4 9
684 664 -2 -2
684 374 2 -5
684 279 6 6
684 840 5 8
684 10 6 9
684 225 2 2
684 355 -5 8
684 309 8 7
684 422 7 9
684 343 1 0
684 861 1 -4
684 5 -4 9
684 206 5 4
684 668 -3 0
684 88 -1 2
684 777 9 10
684 980 5 0
684 387 4 3
684 439 7 -5
684 324 1 2
684 475 5 6
684 410 4 8
684 154 1 6
684 286 5 4
684 876 4 4
684 836 -4 0
684 904 8 1
439 678 9 -2
439 732 -4 4
439 199 3 -5
439 48 -4 5
439 127 -5 -4
439 415 2 7
439 422 6 0
439 964 -4 -2
439 923 2 -5
439 632 7 -5
439 373 -3 -3
439 3 9 8
439 844 0 -2
439 263 9 9
439 8 6 10
439 986 8 -2
439 903 -3 -5
439 409 -4 10
439 594 -3 7
439 868 -4 -4
439 890 0 3
439 745 0 -2
439 787 10 6
439 307 1 3
439 990 -4 -4
439 826 5 -4
439 189 3 5
439 467 0 1
439 973 -5 10
439 721 4 5
439 279 3 5
439 855 5 -2
439 861 3 9
439 611 1 3
439 562 5 2
439 556 -1 -3
439 86 2 -5
439 77 -1 2
439 482 4 8
439 949 -4 3
439 181 10 5
439 597 6 -3
439 244 -4 -2
439 460 10 4
439 674 8 2
439 362 -1 6
439 144 -5 6
439 433 9 -2
439 755 1 2
439 292 0 -1
439 842 1 3
439 571 -3 3
439 270 5 9
439 383 3 -2
439 218 2 -5
439 824 8 8
439 346 -4 8
439 601 4 8
439 960 2 1
439 294 -4 9
439 313 -4 9
439 508 0 -1
439 753 -5 5
439 252 -1 -1
439 113 2 -4
439 374 2 10
439 697 2 10
439 156 3 9
439 195 -4 2
439 899 6 1
439 722 6 4
439 368 9 9
439 190 9 -1
439 618 0 4
439 428 -2 -2
439 939 3 -2
439 790 -4 3
439 760 1 9
439 44 -4 5
439 667 7 -1
439 670 0 6
439 116 7 -2
439 93 -5 -1
439 461 -1 2
439 382 5 -3
439 484 4 4
439 653 10 8
439 431 2 -4
439 463 -1 6
439 147 -2 4
439 7 2 7
439 365 -1 -5
439 145 0 -5
439 885 2 -4
439 522 -1 -5
439 60 6 8
439 676 -2 10
439 255 9 9
439 795 7 6
439 299 -5 9
439 544 -1 3
439 928 4 4
439 162 0 5
439 81 2 -4
439 121 10 -4
439 935 6 6
439 655 6 10
439 660 -5 8
439 87 6 5
439 801 7 9
439 226 1 -1
439 229 6 -4
439 704 10 2
439 519 2 0
439 510 3 10
439 541 3 0
439 677 -2 9
439 850 -3 8
439 392 -4 -4
439 345 9 1
439 474 2 -3
439 707 6 -1
439 213 2 8
439 900 3 8
439 512 -2 9
439 567 2 -2
439 445 0 4
439 202 10 5
439 514 -4 2
439 75 -4 9
439 91 0 -2
439 847 -3 5
439 521 8 5
439 198 -4 6
439 104 10 -2
439 322 0 9
439 114 -3 1
439 754 7 0
439 940 5 5
439 664 -2 -3
439 504 4 4
439 710 1 0
439 802 5 0
439 838 3 -5
439 613 -3 10
439 569 10 3
439 301 3 4
439 553 6 4
439 57 -3 -5
439 827 0 8
439 459 7 -5
439 933 -2 -5
439 396 5 0
439 478 8 5
439 324 -4 2
439 471 10 5
439 762 4 6
439 366 -1 8
439 993 3 6
439 300 10 7
439 685 0 -5
439 506 -2 2
439 0 0 8
439 606 5 -2
439 583 0 -2
439 651 4 9
439 679 2 7
439 513 4 -2
439 196 -3 8
439 814 -4 2
439 723 6 -5
439 355 4 -1
439 52 7 3
439 536 6 -1
439 961 -2 1
439 841 -1 9
439 654 6 1
439 675 2 7
439 800 -4 7
439 83 -4 8
439 174 6 4
439 108 7 10
439 798 4 6
439 590 5 6
439 774 8 1
439 177 3 10
439 570 7 -3
439 151 4 1
439 318 6 -5
439 377 8 -5
439 816 7 -5
439 708 2 -1
439 591 4 -3
439 243 -1 -3
439 125 4 1
439 876 9 7
439 258 6 3
439 578 2 8
439 532 8 -3
439 687 8 5
439 21 -1 0
439 598 5 6
439 764 -5 8
439 148 5 -4
439 89 10 -3
439 414 7 8
439 360 -3 3
439 500 2 -5
439 172 0 0
439 863 6 7
439 600 -1 0
439 436 0 1
439 186 8 -5
439 426 -2 -4
439 215 2 -2
439 390 1 1
439 609 -3 -3
439 361 -4 7
439 54 7 -1
439 235 10 7
439 543 9 6
439 620 8 -3
439 983 -4 5
439 837 -5 2
439 856 2 5
439 746 6 3
439 303 6 1
439 851 0 3
439 878 7 7
439 37 -3 -4
439 76 -2 4
439 92 5 7
439 859 8 8
439 530 -2 -4
439 672 6 0
439 342 3 -2
439 845 2 7
439 584 -2 9
439 350 -4 3
439 480 -2 7
439 50 10 3
439 351 -1 5
439 603 5 10
439 531 9 9
439 397 10 -4
439 809 -4 4
439 5 8 4
439 132 10 1
439 564 7 6
439 503 5 4
439 534 6 -5
439 481 1 3
439 658 2 -3
439 559 -5 2
439 403 3 10
439 776 7 9
439 644 2 -5
439 698 10 -2
439 650 4 -4
439 212 3 -4
439 891 3 10
439 692 3 2
439 146 7 2
439 228 -1 -5
439 937 -2 -4
439 400 5 5
439 424 6 -1
439 475 7 0
439 274 4 -4
439 137 0 8
439 714 -4 3
439 462 -2 -2
439 413 -5 6
439 642 4 0
439 936 1 -5
439 854 -4 7
439 768 9 2
439 744 6 10
439 783 4 4
439 794 -1 8
439 23 8 2
439 589 9 8
439 191 1 8
439 999 -3 -5
439 372 -5 3
439 245 9 8
439 523 8 1
439 874 -5 -3
439 262 -4 -1
439 810 4 -5
439 652 7 7
439 830 3 0
439 163 6 -5
439 593 -2 -2
439 285 -3 2
439 599 -2 1
439 866 7 3
439 59 8 -3
439 193 1 4
439 784 -4 4
439 20 9 10
439 333 1 9
439 922 6 5
439 353 1 2
439 888 2 -2
439 853 8 3
439 860 7 4
439 340 8 -2
439 770 -5 6
439 166 3 8
439 281 -2 -2
439 967 -4 -1
439 971 2 1
439 905 -3 0
439 120 -3 4
439 750 9 -5
439 171 2 6
439 192 3 -3
439 517 1 8
439 315 -2 -3
439 701 -5 9
439 796 1 5
439 661 0 7
439 968 2 9
439 175 4 9
439 133 0 1
439 256 6 0
439 167 2 -3
439 455 4 0
439 724 6 -5
439 631 -4 5
439 85 0 5
439 367 -5 10
439 540 -4 0
439 839 6 7
439 370 -3 -3
439 427 5 -2
439 640 0 -5
439 182 1 -1
439 994 0 0
439 882 4 -3
439 554 7 10
439 778 4 6
439 622 9 -4
439 15 2 -3
439 864 6 -1
439 669 10 2
439 106 1 5
439 238 8 1
439 98 1 5
439 535 6 -4
439 19 -2 1
439 846 3 6
439 140 3 0
439 551 -1 0
439 209 -5 7
439 942 7 -2
439 286 -2 -4
439 305 -2 5
439 131 -2 10
439 105 -4 1
439 953 5 2
439 825 5 10
439 339 -2 3
439 902 10 3
439 607 6 6
439 575 -3 4
439 248 4 -2
439 518 8 5
439 812 5 10
439 895 1 6
439 975 -4 10
439 217 -3 -2
439 954 5 5
439 552 7 1
439 573 -4 -5
439 577 1 -5
439 525 3 8
439 779 2 10
439 265 7 10
439 284 0 8
439 612 4 7
439 280 -1 2
439 410 5 -4
439 102 0 7
439 73 -4 -3
439 446 9 0
439 566 8 10
439 447 -2 10
439 381 -2 7
439 773 8 7
439 501 -1 -3
439 222 0 -1
439 538 -3 -4
439 781 9 3
439 706 -3 -4
439 645 -5 0
439 921 -4 -4
439 276 1 -4
439 529 0 3
439 539 -1 0
439 963 9 0
439 112 6 -3
439 728 9 6
439 134 2 -5
439 520 -2 10
439 580 7 6
439 155 -4 -3
439 912 8 7
439 453 -1 0
439 188 6 -4
439 80 -4 0
439 247 -2 0
439 673 -2 8
439 79 6 10
439 124 -3 2
439 411 3 -2
439 266 -5 -1
439 119 7 -1
439 602 0 -1
439 129 3 8
439 557 5 0
439 920 -1 -2
439 435 -2 0
439 542 -1 -3
439 160 3 9
439 957 10 5
439 572 7 1
439 680 -1 9
439 58 -4 3
439 635 1 9
439 951 -1 1
439 388 6 10
439 180 8 4
439 291 10 9
439 561 -2 8
439 626 -1 4
439 122 3 9
439 761 -1 -2
439 257 3 6
439 49 -1 2
439 735 -3 -4
439 972 -5 7
439 586 9 -3
439 319 -3 3
439 545 6 -3
439 682 10 7
439 16 9 1
439 806 4 -5
439 283 9 9
439 683 4 1
439 277 -2 4
439 695 5 -3
439 775 -3 1
439 686 3 4
439 711 -2 6
439 913 -5 -3
439 997 8 -2
439 737 9 1
439 989 -2 -2
439 220 6 2
439 425 -2 5
439 103 10 8
439 472 6 -2
439 95 2 -3
284 738 0 2
284 713 9 9
284 499 -5 6
284 502 1 -3
284 16 9 4
284 798 -4 5
284 968 5 2
284 829 10 0
284 839 -2 8
284 996 6 10
284 591 1 8
284 57 5 3
284 912 2 0
284 90 1 10
284 614 3 -4
284 246 2 5
284 345 -4 -2
284 141 6 10
284 283 5 1
284 308 -3 9
284 953 -3 -3
284 464 7 -5
284 563 1 0
284 342 8 -5
284 198 9 4
284 564 1 -4
284 302 5 3
284 745 4 2
284 545 -3 10
284 625 -5 -3
284 429 7 8
284 660 -5 9
284 165 8 -5
284 810 -2 6
284 437 7 4
284 92 -1 -3
284 695 -3 6
284 784 9 -4
387 481 7 1
387 188 -3 4
387 775 1 0
387 11 9 -1
387 357 8 1
387 940 3 -3
387 87 3 7
387 185 7 9
387 24 -2 5
387 523 8 5
387 599 4 0
387 1 10 -1
387 643 -1 -1
387 63 -1 4
387 136 2 6
387 521 2 9
387 709 4 9
387 487 5 6
387 324 9 -1
387 799 6 10
387 471 0 0
387 934 2 8
387 621 9 10
387 592 5 3
387 390 5 3
387 651 4 7
387 510 5 0
387 362 8 9
387 383 7 8
387 677 9 -3
387 329 -3 3
387 756 7 -1
387 179 7 5
387 647 6 7
387 679 -3 -3
387 682 9 0
387 562 3 -3
387 819 8 5
387 701 1 3
387 110 3 -3
387 131 5 2
387 366 -1 9
387 570 -2 -1
387 736 -4 1
387 446 8 2
387 872 -1 10
387 716 5 8
387 443 2 6
387 943 8 4
387 105 -2 0
387 358 9 -1
387 657 3 7
387 635 7 1
387 620 1 7
387 214 3 8
387 694 6 5
387 415 -2 -3
387 826 -5 -2
387 397 2 3
387 410 -2 8
387 573 -2 -2
387 827 9 1
387 537 -3 1
387 743 10 -1
387 975 -5 -2
387 581 -3 5
387 271 8 7
387 985 10 7
387 507 -1 -3
387 208 4 6
387 662 -1 7
387 821 5 9
387 396 -1 8
387 12 6 -4
387 829 4 -5
387 423 -2 3
387 69 -4 5
387 82 6 -5
387 448 7 -2
387 925 9 9
387 747 1 8
387 883 5 -5
387 238 0 5
387 216 1 3
387 889 0 10
387 587 -1 -2
387 491 -1 -5
387 428 9 2
387 729 -3 9
387 336 9 7
387 363 -3 10
387 586 -3 9
387 812 9 9
387 768 6 3
387 432 10 -1
387 935 -5 -2
387 710 2 7
387 903 10 2
387 528 -1 -5
387 94 4 2
387 722 -1 6
387 541 -1 -2
387 155 1 0
387 633 9 8
387 690 4 8
387 416 0 10
387 0 0 2
387 863 10 1
387 145 3 4
387 285 -3 6
387 761 10 3
387 971 1 4
387 575 -4 -2
387 904 0 9
387 522 -2 -5
387 605 3 6
387 720 0 -2
387 751 -4 7
387 47 -2 6
387 189 9 3
387 595 10 3
387 418 -3 1
387 290 3 1
387 924 2 3
387 442 4 -5
387 555 8 -4
387 593 8 10
387 489 3 -2
387 879 4 -2
387 632 -1 9
387 204 -4 5
387 779 7 7
387 405 -4 1
387 784 3 -3
387 419 1 10
387 68 4 -2
387 312 9 8
387 981 6 4
387 840 5 -5
387 184 2 9
387 287 -2 8
387 70 7 -3
387 974 0 10
387 169 -3 4
387 231 2 0
387 818 2 -1
387 275 2 3
387 62 5 -4
387 511 1 5
387 322 2 10
387 770 4 10
387 753 8 8
387 801 4 1
387 162 8 1
387 242 -5 4
387 831 1 -3
387 340 9 5
387 222 4 5
387 615 -3 4
387 334 2 2
387 759 -5 5
387 949 1 6
387 988 1 4
387 565 7 -5
387 727 -1 6
387 640 5 4
387 776 -1 5
387 352 8 6
387 323 9 6
387 545 0 3
387 450 5 1
387 634 1 -5
387 98 6 2
387 253 -4 -4
387 696 8 9
387 755 4 -5
387 244 2 9
387 345 5 9
387 157 3 -3
387 752 -1 -4
387 865 1 3
387 597 -1 -2
387 13 4 1
387 177 10 1
387 295 -1 1
387 878 4 2
387 148 4 10
387 495 9 6
387 737 3 9
387 180 3 3
387 748 7 1
387 449 6 4
387 835 7 7
387 892 -2 -2
387 493 1 -2
387 913 7 4
387 3 6 -5
387 486 1 4
387 601 8 1
387 515 -4 1
387 603 -4 8
387 820 1 3
387 871 3 -2
387 241 -3 4
387 307 8 -5
387 656 2 9
387 868 5 5
387 462 3 2
387 210 10 8
387 250 10 9
387 991 -1 -2
387 692 5 0
387 566 4 -3
387 576 7 7
387 848 -2 7
387 237 -3 3
387 392 6 -4
387 106 7 6
387 44 10 2
387 461 6 2
387 141 5 -3
387 518 -4 7
387 544 -1 5
387 669 -2 -4
387 686 1 -5
387 209 3 -1
387 853 3 6
387 175 3 10
387 32 -4 9
387 259 6 8
387 140 -1 -3
387 86 0 4
387 260 -2 8
387 400 -2 -5
387 43 1 1
387 59 10 4
387 505 3 5
387 306 7 -3
387 728 7 9
387 389 7 -4
387 52 3 8
387 458 -3 8
387 455 -3 8
387 104 -5 3
387 412 -1 5
387 623 0 0
387 932 7 6
387 763 6 9
387 351 8 -5
387 529 -4 2
387 294 5 7
387 833 5 5
387 149 -3 -4
387 25 9 -1
387 130 3 6
387 108 4 7
387 613 -5 2
387 543 1 10
387 825 -3 2
387 956 0 -3
387 920 -5 2
387 54 4 -4
387 508 9 -1
387 750 -5 -2
387 377 5 0
387 342 6 2
387 845 0 0
387 875 1 4
387 325 10 4
387 718 -3 10
387 721 -4 3
387 50 4 6
387 713 -4 3
387 316 4 -2
387 706 7 -2
387 764 4 -4
387 77 0 -2
387 547 -5 6
387 26 4 7
387 823 -4 0
387 618 8 -5
387 922 9 2
387 382 4 5
387 614 2 -5
387 715 -1 5
387 478 3 9
387 760 4 9
387 291 6 10
387 700 6 -3
387 121 8 -5
387 132 -4 5
387 506 1 3
387 195 -1 -4
387 744 2 7
387 8 9 8
387 205 2 3
387 805 -2 2
387 319 -3 7
387 986 4 -5
387 896 5 -1
387 354 6 1
387 168 4 1
387 668 7 4
387 261 4 7
387 869 6 8
387 901 6 4
387 963 6 -1
387 966 9 7
387 824 5 4
387 258 0 2
387 533 -4 -2
387 569 4 1
387 778 5 -1
387 680 1 5
387 813 1 3
387 409 2 3
387 861 7 7
387 213 1 -5
387 734 1 8
387 540 1 3
387 758 -5 -2
387 93 6 -5
387 173 2 9
387 92 10 6
387 101 2 0
387 393 4 1
387 517 1 9
387 553 6 4
387 973 1 4
387 123 10 3
387 51 2 7
387 606 -4 -1
387 469 6 10
387 886 8 10
387 509 -3 -1
387 339 3 0
387 75 6 10
387 380 10 2
387 987 4 7
387 84 10 1
387 81 1 9
387 435 0 9
387 836 2 -2
387 609 10 -1
387 808 2 2
387 617 6 -3
387 39 4 5
387 707 4 3
387 695 -4 -1
387 166 8 8
387 894 4 -5
387 229 0 2
387 551 6 -3
387 702 5 -4
387 992 3 9
387 578 0 9
387 230 7 -1
387 806 4 -2
387 445 2 3
387 945 7 4
387 199 4 5
387 646 7 -1
387 683 2 6
387 252 4 -2
387 332 7 -5
387 172 8 2
387 484 4 2
387 103 -4 5
387 877 -5 -5
387 844 10 2
387 457 -2 1
387 349 9 3
387 697 -5 10
387 235 1 8
387 282 7 7
387 969 2 -3
387 272 -3 0
387 99 -3 -1
387 630 -3 2
387 563 6 6
387 952 -2 -2
387 874 -5 -1
387 797 -2 2
387 908 3 10
387 627 1 8
387 80 -1 2
387 404 10 5
387 838 0 4
387 124 4 10
387 972 7 2
387 525 7 0
387 995 5 -5
387 771 3 -3
387 328 -4 -4
387 678 3 -5
387 749 4 7
387 644 4 5
387 817 3 4
387 526 -4 1
387 477 9 -5
387 338 9 -1
387 360 9 3
387 42 4 -5
387 373 9 6
387 860 -1 -1
387 582 -4 9
387 417 -1 -3
387 430 -5 3
387 438 6 8
387 671 4 2
387 309 9 -4
387 451 2 -2
387 74 6 0
387 859 -3 -4
387 96 -4 5
387 631 1 3
387 960 6 -4
387 374 9 10
387 580 1 9
387 899 10 -4
387 667 6 8
387 218 3 3
387 898 7 2
387 245 6 2
387 762 0 2
387 186 0 1
387 492 8 2
387 344 2 10
387 333 8 -1
387 856 -1 -2
387 165 10 1
387 403 10 3
387 137 -3 -3
387 837 3 2
387 843 6 -1
387 907 0 -1
387 519 7 2
387 485 9 -5
387 961 5 5
387 267 8 -1
387 780 6 1
387 916 4 4
387 444 -2 6
387 465 -5 4
387 134 8 0
387 391 6 3
387 785 1 5
387 45 -2 7
387 719 -4 -4
387 78 -1 6
387 431 5 -5
387 361 -1 1
387 193 9 -5
387 906 5 2
387 638 2 3
387 476 4 1
387 535 -5 4
387 498 -5 -4
387 206 2 7
387 800 9 10
387 364 1 -2
387 281 -4 9
387 483 2 -4
387 557 0 0
387 619 2 1
387 590 7 2
387 884 1 9
387 585 4 -1
387 314 2 2
387 888 -3 3
387 421 -1 4
387 648 10 -2
387 174 0 10
387 112 3 8
387 854 7 5
387 841 2 4
387 766 3 3
387 847 2 -2
387 470 4 5
387 100 0 8
387 739 8 -2
387 248 3 10
387 851 9 2
387 996 7 -4
387 740 8 4
387 251 -1 9
387 849 -4 -3
387 197 -1 6
387 359 5 10
387 5 2 0
387 257 -3 5
387 226 2 7
387 950 0 -5
387 998 10 5
387 163 -4 4
387 885 7 7
387 616 -5 -2
387 520 -1 8
387 190 1 2
387 61 -2 5
387 394 -1 7
387 433 8 9
387 641 3 -4
387 426 0 -2
387 814 4 0
387 691 -5 6
387 17 -3 9
387 846 5 7
387 411 1 -2
387 731 -2 -3
387 724 -1 10
387 723 5 9
387 468 1 8
387 594 8 -5
387 413 6 6
387 602 1 4
387 401 5 9
387 757 2 2
387 370 6 -4
387 786 -3 9
387 164 -4 8
387 964 -4 0
387 353 1 10
387 122 10 10
387 663 -4 5
387 852 8 2
387 977 6 5
387 876 1 0
387 953 -5 -5
387 303 4 10
387 263 1 -3
387 142 0 -3
387 698 4 2
387 228 -5 10
387 499 6 4
387 936 7 4
387 441 -1 -4
387 27 -1 -1
387 738 2 -5
387 176 6 -4
387 243 4 3
387 673 6 -3
387 473 4 10
387 502 8 10
387 558 3 9
387 20 3 0
387 436 2 -1
387 126 -2 8
387 842 2 1
387 965 1 1
387 636 8 8
387 269 2 7
387 929 3 8
387 326 8 2
387 331 -5 8
387 866 1 8
387 40 1 -1
387 341 10 1
387 371 4 -4
387 6 5 3
387 153 3 0
387 2 5 6
387 993 -5 -1
387 107 7 4
387 674 -2 7
387 38 -2 9
387 447 8 1
387 693 -2 -2
387 440 1 10
387 138 0 8
387 200 9 -3
387 802 6 2
387 789 -4 7
387 661 5 2
387 16 -1 8
387 160 -2 10
387 355 6 8
387 427 -2 2
387 610 10 -5
387 292 5 2
387 192 7 10
387 923 8 -5
387 742 6 8
387 310 8 2
387 612 3 0
387 9 9 1
387 460 2 -2
387 299 -3 3
387 732 0 8
387 159 9 10
387 372 2 -5
387 151 4 -1
387 127 1 5
387 4 -2 -4
387 666 1 -1
387 434 -1 -1
387 496 6 8
387 746 5 -2
387 810 -3 -3
387 970 -5 5
387 891 6 4
387 67 1 8
387 782 3 0
387 880 -1 3
387 726 -1 0
387 318 -3 8
387 712 -1 -3
387 15 6 -3
387 503 -1 -4
387 717 6 7
387 864 4 6
387 524 8 9
387 388 3 6
387 453 10 -5
387 18 1 1
387 704 3 9
387 385 6 5
387 571 4 6
387 941 6 -2
387 53 5 7
387 207 6 4
387 705 3 7
387 699 -1 1
387 560 4 3
387 807 -4 10
387 437 9 8
387 688 5 -2
387 369 0 1
387 604 9 4
387 133 -5 6
387 561 10 3
387 183 2 2
387 249 9 9
387 660 1 -5
387 832 3 2
387 670 -3 4
387 178 1 -2
387 73 -4 4
387 600 -5 6
387 725 8 -5
387 297 -4 5
387 579 -5 10
387 659 5 -4
387 834 0 7
387 223 0 8
387 500 4 6
387 459 -3 6
387 527 2 4
387 276 10 8
387 944 -3 10
387 350 3 5
387 887 -5 4
387 298 0 -5
387 788 7 4
387 317 -4 0
387 171 6 6
387 792 -2 5
387 858 7 -2
387 147 -5 -2
387 219 4 -5
387 548 -5 -1
387 89 4 5
387 532 7 10
387 474 -4 -1
387 429 1 4
387 650 -4 1
387 31 7 4
387 714 -5 10
387 347 10 2
387 494 10 -3
387 37 -1 -5
387 48 9 4
387 539 9 0
387 735 -2 9
387 830 2 -2
387 264 4 0
387 938 5 3
387 420 5 5
387 315 2 10
387 480 10 6
387 283 5 1
387 28 3 -3
387 745 -5 0
387 311 -3 6
387 917 0 -5
387 182 -4 -4
387 809 10 6
387 676 2 10
387 463 1 5
387 321 3 -1
387 296 0 -3
387 120 -1 5
387 504 -2 5
387 900 -1 9
387 514 -2 -3
387 399 9 5
387 356 6 -3
387 983 5 1
387 194 1 7
387 497 0 1
387 513 -2 5
387 201 -5 10
387 926 -1 1
387 378 -4 2
387 22 2 9
387 957 -3 -1
387 35 6 -1
387 308 0 0
387 928 3 10
387 897 -1 0
387 313 -3 5
387 236 -1 8
387 984 5 6
387 516 10 7
387 279 -3 -4
387 559 5 8
387 224 1 -1
387 672 4 2
387 990 0 1
387 765 8 8
387 91 8 -3
387 330 8 -3
387 937 7 -4
387 102 -4 4
387 139 0 8
387 7 1 -1
387 979 -1 8
387 36 0 6
387 156 -2 7
387 256 1 10
387 918 0 -1
387 479 -5 6
387 909 7 8
387 425 2 -2
387 246 5 1
387 798 0 9
387 23 8 5
387 424 -1 -5
387 769 -2 4
387 247 -3 -4
387 407 5 6
387 212 6 -3
387 626 -2 4
387 689 7 -5
387 708 2 8
387 951 5 0
387 531 -2 3
387 804 5 -2
387 215 7 5
387 30 6 10
387 170 3 6
387 589 2 2
387 546 9 1
387 811 3 -2
387 280 -3 3
387 962 9 4
387 337 0 9
387 607 3 9
387 60 -4 -4
387 939 -2 5
387 637 8 1
387 117 3 2
387 741 1 6
387 893 -2 -3
387 278 4 8
387 488 7 9
387 948 0 3
387 628 6 -3
387 220 3 -3
387 379 7 8
387 954 -1 10
387 955 8 4
387 57 -2 1
387 262 8 10
387 591 10 -2
387 654 -4 6
387 895 9 0
387 968 -2 -1
387 624 5 8
387 639 5 10
387 150 -4 10
387 658 8 -2
387 95 8 7
387 933 10 7
387 881 7 -5
387 919 5 -4
387 286 4 -2
387 574 -4 2
387 873 -4 3
387 34 -3 5
387 958 3 2
387 90 9 0
387 794 4 -5
387 72 10 5
387 927 9 -5
387 66 9 7
387 803 -4 5
387 911 5 6
387 645 2 6
387 274 7 -1
387 815 5 -1
387 790 -4 7
387 56 -3 1
387 791 2 8
387 774 5 7
387 76 8 6
387 905 -4 1
387 501 5 7
387 301 2 -5
387 58 5 0
387 79 -5 -1
387 116 10 10
387 946 2 1
387 221 10 8
387 711 1 10
387 232 4 -2
387 152 10 -4
387 320 10 10
387 55 2 5
387 335 -2 -5
387 233 -5 2
387 265 -3 -3
387 71 -2 9
387 822 6 7
387 161 8 2
387 414 5 1
387 629 0 4
387 198 2 -5
387 793 -5 3
387 490 2 0
387 88 -5 -5
387 549 -2 6
387 642 3 7
387 687 -4 8
387 976 -4 -2
387 598 -3 -5
387 464 2 9
387 773 5 -5
387 584 6 5
387 568 1 6
387 402 4 3
387 556 2 3
387 368 3 7
387 783 10 -2
387 552 2 -3
387 384 -5 -1
387 912 9 -3
387 386 -1 9
387 914 8 5
387 622 7 -1
387 921 -4 0
387 113 9 5
387 293 6 -5
387 947 4 -2
387 902 2 4
387 203 5 7
387 119 5 2
387 915 6 7
387 304 9 -4
387 289 -3 2
387 146 9 0
387 828 -2 -2
387 564 5 9
387 367 3 -3
387 10 8 3
387 111 3 4
387 649 10 0
387 978 6 5
387 554 -3 3
387 196 0 8
387 211 9 8
387 19 -3 8
387 398 -5 2
387 268 0 2
387 21 4 7
387 583 8 0
387 109 -4 8
387 217 -3 3
387 577 5 6
387 191 8 4
387 202 7 7
387 343 3 8
387 994 -1 -4
387 365 5 2
387 536 -4 7
387 733 -3 -4
387 273 10 4
387 665 10 7
387 225 4 4
387 348 -2 9
387 534 -1 0
387 652 8 3
387 41 9 1
387 980 -4 -4
387 855 0 7
387 129 -2 5
387 29 10 0
387 158 -4 8
387 664 8 -3
387 114 1 1
387 128 6 -2
387 989 8 4
387 550 -4 9
387 144 3 -3
387 870 2 1
387 381 -5 5
387 472 5 -2
387 327 -5 2
387 456 3 10
387 787 8 0
387 239 -4 6
387 302 4 0
387 967 -1 1
387 452 0 -2
387 982 -4 5
387 255 10 -5
387 730 10 7
387 999 -3 -4
387 454 -2 9
387 408 0 9
387 234 1 -3
387 512 8 9
387 14 -5 4
387 530 -1 -2
387 115 2 10
387 466 -4 10
387 795 2 8
387 703 9 2
387 850 0 6
387 596 -3 4
387 910 4 2
387 862 3 6
387 270 4 -5
387 538 2 -5
387 482 2 -5
387 376 3 2
387 625 -2 -2
387 930 10 1
387 85 2 5
387 375 -2 8
387 475 -5 4
387 653 6 -2
387 167 7 10
387 588 5 4
224 944 4 0
224 612 9 3
224 118 9 8
224 515 0 0
224 790 4 0
224 635 8 1
224 362 6 0
224 177 0 6
224 454 -4 10
224 481 -2 8
224 175 2 0
224 305 -5 0
224 574 7 9
224 975 5 -1
224 86 10 -3
224 973 0 6
224 189 2 4
224 896 7 6
224 930 9 -1
224 266 -1 -3
224 764 7 8
224 749 1 0
224 469 3 -2
224 623 2 9
224 209 7 0
224 757 1 1
224 737 9 10
224 269 1 -4
224 695 10 9
224 410 -3 2
224 176 8 3
224 582 -3 4
224 796 7 8
224 260 8 0
224 701 7 -5
224 568 7 5
224 592 4 3
224 383 1 3
224 302 10 9
224 729 9 7
224 670 0 0
224 346 6 10
224 222 0 9
224 646 -2 10
224 243 3 9
224 90 2 1
224 355 10 1
224 911 -5 4
224 918 0 9
224 478 0 0
224 42 5 3
224 460 4 5
224 21 3 -5
224 26 8 7
224 572 4 -4
224 129 10 8
224 538 -1 3
224 767 7 10
224 840 -5 0
224 276 9 1
224 990 0 6
224 715 1 10
224 732 5 2
224 230 9 -1
224 215 1 -1
224 43 2 -4
224 6 -4 -4
224 10 1 4
224 533 10 5
224 900 5 10
224 448 -3 3
224 539 -1 3
224 25 -3 -5
224 394 7 1
224 186 2 -1
224 569 5 3
224 138 2 9
224 818 0 1
224 263 10 8
224 491 10 -4
224 691 9 -5
224 675 1 8
224 667 4 6
224 817 1 10
224 443 -4 2
224 132 -1 3
224 388 6 9
224 954 -1 8
224 128 8 1
224 200 -1 -1
224 498 9 3
224 210 6 -1
224 457 -1 4
224 29 2 -1
224 581 0 9
224 236 8 4
224 756 2 8
224 415 10 1
224 357 -1 6
224 379 9 -4
224 671 7 2
224 994 10 2
224 590 2 4
224 664 5 6
224 974 8 1
224 137 9 -1
224 459 8 0
224 826 9 5
224 55 8 0
224 722 2 -4
224 56 5 -3
224 99 10 -1
224 982 0 -1
224 432 -1 -1
224 853 10 -4
224 893 4 -4
224 775 10 1
224 703 1 8
224 213 -2 9
224 180 -2 -1
224 497 -5 6
224 509 2 -3
224 107 9 4
224 769 -1 5
224 413 9 6
224 839 0 10
224 468 0 7
224 705 7 3
224 686 5 9
224 271 8 -5
224 760 2 -4
224 904 0 -3
224 81 10 8
224 466 1 8
224 903 9 -4
224 832 2 3
224 52 6 3
224 837 10 1
224 303 -2 -4
224 714 2 -1
224 744 -3 1
224 322 -5 7
224 534 -5 2
224 124 -3 5
224 589 4 8
224 860 10 -3
224 555 0 6
224 173 9 2
224 923 -5 7
224 984 2 10
224 601 -4 8
224 76 9 -1
224 604 -2 7
224 854 0 4
224 545 8 9
224 205 10 9
224 560 -3 10
224 170 10 10
224 329 2 8
224 599 4 0
224 147 6 -1
224 437 -3 -4
224 609 -5 0
224 720 -4 8
224 247 0 6
224 958 -5 1
224 399 10 -1
224 477 8 9
224 577 9 -2
224 123 3 -3
224 710 -5 8
224 126 5 1
224 937 2 3
224 674 0 3
224 936 8 8
224 32 6 7
224 240 2 9
224 93 1 -3
224 798 -2 7
224 405 -5 -3
224 731 5 -2
224 27 -3 1
224 606 5 7
224 712 2 0
224 504 7 9
224 942 2 1
224 233 8 8
224 125 5 1
224 683 -1 10
224 414 -3 -3
224 372 2 6
224 655 -4 -5
224 182 0 7
224 640 3 7
224 678 -1 -2
224 22 4 -1
224 361 1 2
224 134 10 6
224 153 4 9
224 580 3 -5
224 587 3 3
224 79 2 -5
224 7 -1 0
224 294 -5 8
224 554 5 -4
224 642 -4 -3
224 119 7 -3
224 485 10 -4
224 741 -3 -4
224 844 1 4
224 516 5 6
224 517 -5 3
224 308 -3 -3
224 643 10 -5
224 74 5 9
224 252 0 -3
224 426 9 3
224 144 0 0
224 412 1 5
224 915 6 9
224 278 -3 2
224 963 -1 3
224 70 9 -3
224 727 0 9
224 502 -5 -4
224 265 9 -5
224 666 5 2
224 375 -4 -4
224 593 10 10
224 430 4 6
224 164 -5 7
224 461 4 -4
224 24 10 6
224 159 2 -2
224 104 5 6
224 802 -2 3
224 558 9 -3
224 195 9 6
224 187 -2 6
224 23 8 8
224 495 6 -5
224 957 -1 3
224 884 0 2
224 141 -4 3
224 178 4 -2
224 318 7 0
224 795 3 9
224 231 9 -3
224 409 1 4
224 280 3 -4
224 883 7 -5
224 368 7 4
224 18 5 -3
224 656 7 1
224 262 8 -3
224 183 4 7
224 644 3 9
224 645 9 7
224 785 2 -4
224 264 -1 0
224 283 9 1
224 877 6 10
224 579 1 9
224 44 3 3
224 167 1 6
224 950 0 -2
224 4 9 7
224 787 10 10
224 152 1 -1
224 408 2 0
224 359 -1 4
224 866 -2 6
224 50 3 8
224 490 1 9
224 364 -2 7
224 36 8 7
224 488 -3 0
224 251 3 -5
224 594 6 2
224 907 -3 7
224 53 9 0
224 323 2 9
224 777 9 4
224 328 -3 6
224 325 7 1
224 139 4 -2
224 770 9 -2
224 999 8 3
224 615 6 7
224 392 9 5
224 8 -1 0
224 342 10 -2
224 803 0 7
224 179 -3 8
224 109 -2 -1
224 279 -1 9
224 168 5 9
224 60 -3 -1
224 688 2 1
224 650 -1 6
224 17 7 1
224 381 8 3
224 885 9 7
224 91 2 -1
224 46 0 -1
224 878 -5 3
224 40 -2 -5
224 360 9 5
224 39 -4 6
224 520 5 0
224 384 -4 -5
224 789 3 -2
224 868 5 1
224 848 6 8
224 562 -1 -4
224 5 7 9
224 235 -2 1
224 365 -4 2
224 389 5 -2
224 395 -4 -4
224 483 -5 4
224 337 4 8
224 420 4 3
224 259 7 10
224 659 6 8
224 946 5 8
224 955 -4 4
224 255 -1 -5
224 591 -1 1
224 30 2 4
224 102 -2 -3
224 989 -4 0
224 340 1 2
224 634 -2 6
224 938 5 1
224 146 7 3
224 585 5 3
224 339 7 10
224 924 -2 -4
224 556 0 9
224 100 8 9
224 287 8 6
224 992 -5 -3
224 598 5 -5
224 356 3 -2
224 425 -5 1
224 855 -5 -5
224 245 4 6
224 108 -5 0
224 805 8 5
224 220 -1 10
224 295 -4 0
224 428 -3 2
224 366 6 6
224 738 -5 4
224 130 6 1
224 875 -1 -5
224 766 -4 -3
224 62 0 7
224 858 9 9
224 158 -4 4
224 221 -1 5
224 523 5 -1
224 320 7 8
224 464 3 7
224 441 9 1
224 583 -1 -1
224 270 7 1
224 161 -1 10
224 669 10 10
224 852 -5 4
224 783 3 4
224 162 9 0
224 349 6 2
224 689 -5 2
224 841 -3 8
224 801 4 4
224 565 3 0
224 563 8 -2
224 889 4 9
224 625 -4 7
224 31 4 3
224 199 -5 3
224 64 1 7
224 458 2 -3
224 672 -5 10
224 462 10 9
224 374 -2 8
224 400 8 -3
224 752 9 3
224 629 10 5
224 607 1 -3
224 401 6 10
224 948 3 1
224 605 7 3
224 254 2 10
224 314 5 6
224 814 -1 4
224 687 10 7
224 916 7 2
224 553 -3 -4
224 543 3 3
224 293 3 -4
224 897 0 5
224 660 4 6
224 291 3 4
224 217 1 -1
224 345 1 -2
224 597 -3 5
224 716 5 4
224 3 0 5
224 201 9 2
224 776 -1 3
224 14 -4 4
224 739 6 -1
224 95 0 4
224 450 -5 4
224 874 0 3
224 544 2 -3
224 531 -2 -4
224 121 4 -4
224 959 -3 5
224 192 5 10
224 622 5 9
224 799 -2 -1
224 831 -3 8
224 418 -5 0
224 494 8 -2
224 249 -2 4
224 33 4 1
224 588 -2 -2
224 471 6 -5
224 550 9 -5
224 422 -4 1
224 809 8 4
224 976 10 -2
224 713 9 8
224 103 2 6
224 500 3 9
224 704 2 -1
224 859 -5 7
224 131 -1 -4
224 301 -2 2
224 417 1 -1
224 111 1 5
224 238 5 6
224 786 9 9
224 197 10 -4
224 444 8 1
224 244 10 9
224 702 8 6
224 407 -3 -3
224 333 -3 2
224 174 1 5
224 423 1 7
224 788 -4 10
224 535 8 -3
224 842 2 8
224 157 6 1
224 697 3 -1
224 203 -5 1
224 150 -1 5
224 101 3 -1
224 12 -3 -3
224 888 4 5
224 742 -4 8
224 75 2 -4
224 273 3 6
224 268 6 9
224 807 -2 4
224 863 4 4
224 603 0 -3
224 98 -2 1
224 815 5 3
224 733 4 1
224 778 4 2
224 613 -4 3
224 315 3 1
224 332 -2 8
224 228 2 -3
224 641 -1 7
224 754 3 -3
224 321 -1 -3
224 898 2 -2
224 475 -5 -2
224 561 -3 9
224 721 1 5
224 540 6 1
224 85 2 6
224 371 -5 -2
224 914 6 8
224 66 -4 6
224 945 -4 3
224 69 -3 5
224 953 -5 1
224 908 5 1
224 253 1 9
224 902 1 2
224 652 4 2
224 223 -5 7
224 191 5 3
224 140 5 -3
224 94 6 4
224 654 3 -1
224 663 10 -1
224 596 0 -3
224 289 -1 -3
224 256 9 4
224 879 4 1
224 774 3 -1
224 662 -3 -2
224 442 -4 5
224 214 3 -3
224 529 5 -2
224 964 -5 -1
224 292 0 9
224 595 -1 3
224 968 -3 3
224 890 -4 0
224 836 7 4
224 106 5 -5
224 961 1 0
224 822 3 3
224 846 -1 8
224 378 9 -4
224 208 10 -2
224 353 -4 0
224 632 0 3
224 758 10 -1
224 734 4 -3
224 380 5 10
224 402 -4 0
224 156 -5 5
224 505 10 10
224 746 2 10
224 436 -5 1
224 922 9 9
224 681 9 7
224 196 1 2
224 784 0 0
224 850 8 -1
224 145 -2 7
224 711 4 -3
224 648 8 5
224 919 2 10
224 435 4 1
224 288 3 8
224 965 8 2
224 239 2 9
224 373 3 9
224 148 -1 -2
224 638 3 7
224 41 -5 6
224 344 10 -5
224 628 3 0
224 524 5 0
224 84 -3 -2
224 939 7 3
224 248 -3 2
224 709 9 5
224 748 1 -3
224 851 -3 -2
224 185 -3 -3
224 110 -1 6
224 71 7 4
224 188 9 2
224 35 1 -5
224 835 2 9
224 257 -4 -3
224 949 -4 -4
224 19 5 -1
224 501 1 1
224 73 2 5
224 250 -2 -2
224 862 10 7
224 155 7 5
224 993 5 -5
224 753 1 -3
224 825 8 -3
224 326 3 7
224 724 5 -5
224 912 10 7
224 241 4 10
224 637 9 8
224 386 -3 -3
224 133 4 1
224 971 9 8
224 797 1 3
224 838 8 9
224 762 6 -4
224 931 -4 6
224 932 1 10
224 172 3 3
224 330 1 -1
224 651 7 5
224 275 -2 0
224 142 1 -5
224 886 4 -4
224 324 2 -2
224 636 1 0
338 325 2 6
338 903 5 -2
338 776 4 6
338 416 3 2
338 580 -1 8
338 228 -2 1
338 271 10 8
338 304 1 9
338 135 -5 5
338 676 9 7
338 257 -2 8
338 819 10 -2
338 990 -5 0
338 890 0 1
338 750 -3 -2
338 966 0 4
338 196 -3 7
338 949 -2 -3
338 157 2 0
338 251 -1 4
338 952 -5 7
338 229 10 3
338 392 8 -1
338 319 2 5
338 752 3 5
338 817 7 -5
338 829 5 10
338 396 4 1
338 743 -1 10
338 674 -3 3
338 683 10 -4
338 855 2 -3
338 923 -5 -1
338 9 9 -1
338 484 -5 0
338 201 -1 7
338 931 8 8
338 656 7 2
338 342 4 -2
338 125 2 1
338 84 1 -2
338 349 -2 -1
338 231 -1 7
338 107 10 4
338 694 -5 3
338 668 -3 8
338 461 2 5
338 504 9 -1
338 32 3 -4
338 636 -5 0
338 556 -3 9
338 225 5 -2
338 136 1 -1
338 569 3 2
338 118 4 -5
338 478 10 7
338 123 8 -4
338 496 3 -5
338 475 1 10
338 880 10 -2
338 216 5 -3
338 96 8 -2
338 936 5 1
338 852 0 -5
338 981 1 -5
338 104 1 9
338 920 0 -5
338 543 -5 4
338 291 3 -4
338 120 1 4
338 266 10 9
338 209 4 -4
338 631 7 0
338 935 -1 3
338 346 1 1
338 420 0 10
338 943 3 -4
338 877 -5 10
338 623 6 -2
338 757 6 1
338 152 1 9
338 627 9 5
338 960 -2 1
338 482 7 2
338 916 -3 5
338 494 9 -4
338 958 -5 1
338 527 1 -5
338 716 6 1
338 13 6 -2
338 789 10 -5
338 192 6 4
338 438 -3 8
338 312 2 -2
338 868 -4 4
338 681 -3 3
338 665 -4 -1
338 263 8 2
338 688 0 5
338 42 3 10
338 947 -4 10
338 150 3 -4
338 513 -3 -5
338 385 9 2
338 992 7 7
338 49 9 1
338 544 1 2
338 322 7 4
338 771 8 4
338 548 1 0
338 987 -1 -3
338 61 4 8
338 68 4 10
338 129 8 10
338 436 -2 -1
338 538 5 -3
338 233 -3 8
338 130 -2 2
338 857 9 7
338 738 -1 9
338 179 7 9
338 273 10 9
338 849 4 6
338 516 10 7
338 687 10 -1
338 642 -4 9
338 873 -2 -3
338 677 -4 -5
338 11 3 -3
338 427 7 9
338 713 7 10
338 126 -3 5
338 528 -2 3
338 215 0 1
338 558 6 -2
338 606 8 -1
338 7 0 8
338 841 3 6
338 423 3 5
338 605 4 6
338 389 -5 2
338 746 7 8
338 596 -5 3
338 303 3 -2
338 939 4 2
338 328 0 0
338 111 -3 5
338 959 -1 2
338 822 3 -3
338 459 8 6
338 28 3 2
338 446 9 8
338 653 6 1
338 193 6 -1
338 828 -4 4
338 831 9 3
338 937 10 5
338 139 1 -4
338 315 5 7
338 934 -3 7
338 679 10 9
338 146 7 -3
338 806 1 3
338 647 6 3
338 170 6 1
338 148 -2 -5
338 608 10 -5
338 57 6 3
338 800 7 -2
338 505 4 10
338 241 -5 -1
338 14 8 0
338 999 -5 4
338 740 6 0
338 360 4 8
338 434 1 6
338 870 -4 6
338 198 4 10
338 530 -5 3
338 213 -5 2
338 664 4 4
338 866 -3 -1
338 59 -3 -4
338 526 -2 7
338 522 -1 5
338 415 7 0
338 98 -2 1
338 376 6 6
338 553 -2 0
338 348 10 1
338 933 6 1
338 100 -4 -2
338 561 2 0
338 189 -4 8
338 612 5 -2
338 591 8 5
338 628 -5 9
338 114 -5 -4
338 592 -2 -2
338 562 4 9
338 585 8 5
338 227 3 2
338 724 9 10
338 603 -5 2
338 847 -2 -2
338 270 -5 -2
338 339 -1 5
338 950 -2 10
338 344 -3 0
338 523 1 -3
338 275 6 -3
338 779 8 -2
338 480 -5 1
338 222 9 -3
338 863 5 7
338 158 4 -5
338 278 4 10
338 22 -4 4
338 493 7 7
338 818 7 8
338 610 2 5
338 968 0 7
338 443 2 6
338 156 1 9
338 393 1 9
338 151 10 2
338 445 5 -2
338 382 4 -3
338 288 6 8
338 296 4 3
338 321 7 -3
338 814 5 10
338 379 -2 7
338 924 7 -2
338 217 -4 -3
338 885 0 7
338 471 4 0
338 419 7 -5
338 168 -5 5
338 190 5 0
338 490 4 3
338 411 10 -3
338 318 3 -2
338 715 -4 4
338 295 7 3
338 208 1 -2
338 717 2 -4
338 353 8 10
338 765 1 -1
338 723 5 7
338 161 10 5
338 386 -2 2
338 29 2 9
338 756 4 6
338 112 7 10
338 851 -5 -5
338 256 0 -5
338 745 0 9
338 507 -4 8
338 520 8 2
338 262 9 2
338 83 10 8
338 736 -1 7
338 451 -3 -3
338 511 9 3
338 375 2 -5
338 468 -5 4
338 693 5 5
338 734 4 -4
338 177 6 -1
338 246 4 -2
338 749 3 -4
338 232 8 1
338 50 6 8
338 219 8 2
338 109 5 -3
338 122 9 2
816 596 -5 2
816 699 7 -4
816 41 8 1
816 507 1 10
816 648 6 5
816 310 4 8
816 484 7 1
816 222 -3 1
816 232 9 5
816 698 0 1
816 329 -3 -5
816 263 -5 4
816 781 0 -2
816 785 8 7
816 512 9 3
816 290 6 2
816 152 5 7
816 546 8 -5
816 870 0 5
816 681 -4 6
816 249 8 8
816 651 10 8
816 778 0 8
816 373 -1 0
816 186 4 0
816 46 8 10
816 491 -2 4
816 504 6 8
816 825 -2 7
816 68 -4 3
816 289 -2 0
816 973 -3 4
816 200 4 2
816 902 -5 3
816 174 -2 8
816 542 5 9
816 561 -5 6
816 904 5 -1
816 94 4 7
816 850 -5 10
816 697 6 6
816 52 -2 5
816 189 0 -5
816 539 5 3
816 27 4 4
816 326 0 -2
816 551 -5 -2
816 901 6 5
816 529 4 10
816 298 -5 -2
816 688 4 5
816 784 4 -3
816 6 -2 0
816 999 9 10
816 119 8 8
816 411 1 3
816 43 2 5
816 658 3 8
816 983 0 7
816 835 9 7
816 686 7 9
816 636 6 -5
816 982 -1 8
816 413 8 0
816 643 -1 9
816 724 7 2
816 764 -4 8
816 773 4 -5
816 634 -4 -2
816 473 10 0
816 73 -3 -5
816 817 3 9
816 633 -2 -4
816 597 -1 1
816 309 4 -4
816 912 10 0
816 36 0 -3
816 879 0 -3
816 98 3 9
816 443 -4 6
816 321 9 -2
816 970 -1 -2
816 979 -5 9
816 809 2 -2
816 505 6 1
816 391 -3 1
701 48 1 -2
701 628 -3 -2
701 31 8 10
701 880 7 1
701 743 4 -2
701 448 7 6
701 286 1 4
701 80 -4 4
701 84 9 5
701 715 -1 1
701 178 9 8
701 546 0 4
701 218 9 -4
701 478 2 -1
701 660 -4 -3
701 611 8 -1
701 275 -2 -5
701 221 5 0
701 632 -2 -1
701 680 2 3
701 853 1 0
701 253 9 -1
701 527 7 -1
701 46 -1 -5
701 112 5 -2
701 556 5 -5
701 714 8 -3
701 784 9 -2
701 944 8 10
701 903 8 6
701 932 -5 0
701 369 1 1
701 775 -2 1
701 531 -4 -1
701 795 10 6
701 803 -2 1
701 309 -2 5
701 777 5 2
701 652 -3 0
701 823 7 5
701 819 -1 7
701 933 8 -1
701 185 0 9
701 616 3 -4
701 5 -3 4
701 129 10 1
701 955 6 3
701 622 10 -4
701 635 -2 10
701 91 3 9
701 607 8 8
701 666 -1 -5
701 740 6 7
701 578 0 -5
701 340 0 2
701 264 9 -4
701 688 -4 -3
701 55 5 3
701 362 0 -3
701 841 8 -5
701 266 2 10
701 355 4 9
701 108 5 10
701 313 3 2
701 423 10 -2
701 198 -2 1
701 954 0 8
701 106 7 -1
701 422 -3 8
701 90 -5 8
701 440 4 2
701 572 2 5
701 67 8 6
701 371 -5 -5
701 787 -3 1
701 288 2 9
701 390 6 -3
701 442 3 -2
701 979 3 10
701 597 10 3
701 905 9 3
701 814 -4 4
701 838 0 1
701 530 -2 6
701 494 1 -1
701 806 2 3
701 118 2 10
701 461 10 -1
701 834 -5 -5
701 584 3 -5
701 196 -4 1
701 570 -5 -1
701 232 1 9
701 21 7 -4
701 782 7 0
701 540 -3 -5
701 821 10 6
701 98 1 -1
701 267 -3 4
701 797 10 5
701 194 9 -2
701 47 5 8
701 242 3 6
701 844 5 6
701 892 -5 3
701 587 -5 2
701 83 9 -1
701 969 -3 5
701 515 6 8
701 713 10 -1
701 758 10 0
701 780 -1 8
701 484 8 -5
701 707 -5 7
701 373 0 -3
701 491 9 9
701 380 6 4
701 918 10 5
701 69 8 7
701 149 4 5
701 610 9 7
701 942 4 4
701 521 9 4
701 564 6 9
701 204 6 5
701 99 -5 9
701 238 -5 0
701 124 8 10
701 565 -2 2
701 535 8 -1
701 19 5 -5
701 175 6 4
701 876 0 -1
701 229 5 0
701 559 8 -1
701 544 -5 -2
701 383 3 8
701 8 8 5
701 217 -5 5
701 11 5 -3
701 248 1 2
701 855 -1 10
701 361 6 5
701 802 1 1
701 71 -3 -3
701 827 2 3
701 767 -3 0
701 274 3 7
701 593 0 4
701 629 5 10
701 400 7 8
701 487 5 10
701 875 8 1
701 822 9 2
701 154 -2 -4
701 331 3 3
701 949 0 2
701 512 1 0
701 68 9 -2
701 658 10 9
701 473 -4 5
701 849 2 -1
701 79 -3 2
701 374 -3 -3
701 293 1 -5
701 637 8 -4
701 657 5 5
701 269 2 2
701 945 0 3
701 495 6 8
701 75 10 2
701 897 -1 1
701 477 3 -2
701 539 -3 2
701 483 3 5
701 193 4 -4
701 866 9 8
701 732 2 4
701 825 8 9
701 723 5 2
701 92 8 10
701 789 10 2
701 57 7 3
701 41 7 -1
701 929 2 1
701 631 8 0
701 281 -3 4
701 976 7 3
701 219 6 -3
701 403 -4 8
701 552 5 8
701 472 2 4
701 227 3 0
701 598 10 5
701 231 2 6
701 831 -3 -4
701 522 2 9
701 349 7 -3
701 63 2 1
701 100 5 6
701 381 3 10
701 922 10 5
701 591 -2 -2
701 195 8 4
701 353 8 -4
701 884 2 1
701 181 3 2
701 396 7 -1
701 904 -4 7
701 322 1 9
701 585 0 -3
701 254 -3 -4
701 186 -5 -3
701 153 3 7
701 278 6 1
701 829 1 -4
701 182 1 -4
701 265 10 10
701 294 -4 10
701 200 9 7
701 811 4 -3
701 581 0 -4
701 421 3 -1
701 858 -1 -5
701 114 2 7
701 840 3 4
701 460 3 -1
701 882 1 7
701 37 -5 3
701 815 -5 -5
701 0 -1 1
701 828 0 2
701 982 3 1
701 617 7 7
701 51 -1 3
701 529 8 3
701 877 5 7
701 974 4 6
701 418 3 10
701 912 9 -4
701 72 10 0
701 113 1 -3
701 388 5 8
701 706 -2 9
701 997 -3 -2
701 667 2 8
701 913 -3 -3
701 568 9 2
701 771 0 -1
701 300 7 0
701 826 -1 0
701 543 9 10
701 56 2 2
701 222 5 5
701 580 6 10
701 891 10 9
701 862 6 4
701 724 2 -2
701 528 8 4
701 983 9 -4
701 433 5 5
701 414 8 3
701 391 5 8
701 348 -3 -4
701 305 0 5
701 867 -1 2
701 469 9 0
701 321 -2 -2
701 837 5 2
701 329 -5 9
701 277 6 7
701 406 6 5
701 551 7 -1
701 379 9 10
701 16 9 5
701 711 -2 0
701 192 5 4
701 7 -2 -3
701 384 8 1
701 518 2 5
701 239 -5 -3
701 832 -5 -4
701 470 10 8
701 179 2 6
701 847 -4 6
701 273 -2 -3
701 794 -2 6
701 726 9 4
701 283 1 4
701 744 0 -2
701 368 -5 5
701 438 -2 4
701 429 -1 5
701 609 -5 7
701 576 -5 -2
701 479 7 7
701 201 9 1
701 164 5 7
701 850 6 -3
701 939 0 -1
701 455 10 0
701 431 7 3
701 105 -5 -1
701 262 5 8
701 633 1 0
701 104 -1 -3
701 650 -1 9
701 549 -1 -2
701 674 1 7
701 101 -5 -5
701 132 7 1
701 699 3 8
701 282 4 10
701 575 10 7
701 776 -5 1
701 308 4 5
701 3 -5 10
701 606 10 6
701 505 0 6
701 526 -2 4
701 791 -2 -3
701 34 2 -4
701 143 -2 0
701 533 9 5
701 103 -4 -3
701 488 3 8
701 61 2 -4
701 471 7 8
701 162 9 8
701 852 2 -3
701 600 0 9
701 735 6 -3
701 768 5 4
701 940 4 4
701 43 7 -5
701 655 8 1
701 24 -4 3
701 843 -5 -4
701 397 -4 6
701 664 -3 -2
701 917 4 4
701 290 8 9
701 663 8 8
701 96 3 0
701 614 -2 4
701 165 -4 -5
701 557 6 -1
701 366 9 6
701 953 3 8
701 679 4 -3
701 727 -5 -1
701 691 7 10
701 401 5 4
701 95 0 4
701 641 7 9
701 965 0 7
701 428 0 -3
701 719 6 0
701 320 7 9
701 728 7 7
701 653 0 6
701 538 -2 -4
701 878 1 3
701 887 -4 -2
701 337 9 -1
701 774 0 9
701 952 2 -1
701 324 3 7
701 466 9 10
701 919 -3 -1
701 450 7 -1
701 127 2 7
701 582 2 -2
701 126 -2 2
701 481 8 9
701 665 1 7
701 345 4 2
701 508 6 -1
701 989 4 -5
701 618 10 3
701 311 -5 8
701 416 4 4
701 493 6 8
701 722 3 6
701 234 4 1
701 4 8 1
701 661 0 10
701 163 10 4
701 747 6 7
701 620 -5 2
701 115 3 -2
701 625 7 -4
701 378 7 4
701 848 0 10
701 907 3 1
701 152 1 6
701 235 10 9
701 135 2 -5
701 548 10 7
701 563 9 0
701 20 8 4
701 748 9 3
701 399 5 5
701 960 5 1
701 209 9 -2
701 779 3 -3
701 860 2 6
701 810 3 10
701 702 2 -3
701 157 10 6
701 785 -5 0
701 995 3 0
701 574 2 1
701 156 7 8
701 230 -2 0
701 184 6 -5
701 501 9 3
701 64 7 -3
701 536 3 4
701 721 5 8
701 999 6 5
701 583 1 8
701 141 2 -1
701 972 6 -3
701 237 -4 2
701 486 -5 10
701 984 2 10
701 964 4 -3
701 110 -3 9
701 672 8 6
701 961 4 6
701 537 3 1
701 833 0 1
701 502 -2 9
701 967 -2 9
701 824 -5 -5
701 909 -2 7
701 763 8 -4
701 778 -1 7
701 615 8 -5
701 111 9 -4
701 612 7 4
701 554 2 8
701 700 7 10
701 73 -2 3
701 168 3 9
701 937 4 7
701 26 8 9
701 509 5 3
701 634 -1 10
701 603 0 7
701 314 -3 3
701 738 0 6
701 357 0 6
701 956 8 0
701 250 0 3
701 851 8 5
701 968 8 -3
701 842 -5 0
701 44 -3 1
701 757 3 -5
701 287 0 3
701 910 0 3
701 445 -5 5
701 716 4 -5
701 930 1 -4
701 30 0 -3
701 216 4 2
701 498 1 3
701 532 -1 4
701 800 -1 -5
701 623 0 1
701 524 3 10
701 624 6 5
701 586 -3 4
701 813 2 -2
701 870 -3 7
701 820 1 -5
701 926 -2 5
701 213 -4 -3
701 769 -4 2
701 762 6 -1
701 246 -2 0
701 376 4 6
701 737 6 4
701 566 3 -4
701 137 5 5
701 170 -1 9
701 569 5 3
701 675 0 6
701 139 2 10
701 476 -3 -1
701 496 6 9
701 649 7 2
701 750 2 6
701 297 -2 3
701 754 -2 4
701 407 7 8
701 506 0 8
701 377 -1 -2
701 589 8 -5
701 372 2 10
701 367 10 -4
701 228 0 3
701 187 7 2
701 354 -2 -5
701 792 3 3
701 626 -1 -2
701 258 9 4
701 158 0 -4
701 868 0 2
701 812 -5 -1
701 511 8 1
701 270 9 5
701 385 -2 5
701 434 -4 -2
701 991 4 -3
701 462 5 10
701 741 2 7
701 301 -4 9
701 81 4 3
701 252 -5 7
701 74 -4 0
701 389 -4 5
701 358 6 5
701 160 4 -1
701 898 2 5
701 382 -2 9
701 646 4 -5
701 363 -4 10
701 698 6 3
701 393 8 8
701 948 8 10
701 872 -3 -3
701 760 1 9
701 410 7 5
701 347 7 8
701 467 7 10
701 836 -3 3
701 268 10 8
701 790 7 5
701 190 5 10
701 809 9 10
701 475 5 -3
701 465 3 -5
701 873 3 -2
701 122 -3 -4
701 693 6 4
701 364 -1 -3
701 210 4 10
701 259 2 0
701 920 -5 -2
701 577 0 2
701 708 -3 -2
701 668 1 1
701 896 9 -2
701 133 2 3
701 279 -5 7
701 798 3 -4
701 121 3 3
701 102 1 5
701 425 5 9
701 951 -3 3
701 921 7 -4
701 432 10 4
701 863 -5 4
701 119 5 6
701 596 5 2
701 888 -3 5
701 966 -4 -1
701 413 9 9
701 240 5 -1
701 950 1 3
701 404 9 -5
701 58 -2 2
701 963 1 8
701 890 -3 -5
701 49 9 7
701 352 8 9
701 134 -5 -5
701 928 9 -3
701 588 1 8
701 725 8 -2
701 116 -4 -4
701 801 9 -2
701 120 -1 5
701 694 6 -1
701 988 -5 1
701 215 -2 -4
701 924 -3 0
701 764 -1 -1
701 444 1 6
701 332 5 2
701 316 -1 5
701 742 2 1
701 87 6 -5
701 845 -3 3
701 458 0 8
701 541 9 9
701 189 7 1
701 645 7 3
701 731 7 -1
701 398 3 8
701 729 8 -4
701 975 3 -4
701 12 1 1
701 520 0 8
701 292 3 0
701 704 -2 5
701 856 -1 9
701 808 2 10
701 656 8 9
701 131 -1 1
701 272 7 5
701 256 7 -4
701 39 -4 1
701 835 -3 4
701 980 7 -4
701 998 0 10
701 285 10 -1
701 761 -1 7
701 202 -1 5
837 626 -2 7
837 375 10 0
837 267 -5 2
837 350 2 0
837 111 -2 4
837 407 9 5
837 482 0 7
837 414 6 3
837 542 8 -2
837 101 8 9
837 13 9 1
837 464 -3 6
837 618 -4 9
837 15 -5 2
837 802 9 6
837 188 -3 8
837 779 0 7
837 121 2 4
837 181 4 0
837 278 6 -5
837 975 5 9
837 490 -4 -1
837 824 -1 8
837 738 8 3
837 845 3 8
837 524 -1 -4
837 289 5 -3
837 887 -3 9
837 388 4 -3
837 39 -1 -2
837 911 8 10
837 838 9 5
837 606 8 -2
837 11 0 -2
837 401 1 4
837 629 10 -2
837 872 -1 4
837 447 -2 4
837 377 6 3
837 667 2 -2
837 814 10 5
837 273 0 5
837 259 -2 9
837 40 9 9
837 332 4 -2
837 584 6 9
837 830 7 10
837 633 8 3
837 968 3 10
837 124 0 -5
837 709 5 4
837 256 8 1
837 570 4 -3
837 16 2 -1
837 850 10 0
837 489 -1 0
837 818 2 8
837 255 5 -2
837 828 -1 6
837 127 -1 -3
837 506 9 5
837 280 3 -2
837 122 -3 10
837 577 -2 -1
837 544 7 1
837 991 -1 7
837 425 4 5
837 57 5 1
837 235 5 -1
837 381 7 -2
837 475 -1 -4
837 504 4 3
837 438 2 1
837 73 0 -4
837 126 7 3
837 631 -3 -1
837 306 8 -1
837 159 4 4
837 106 4 2
837 304 3 2
837 627 -1 -5
837 184 -1 1
837 732 10 -5
837 473 5 2
837 574 1 7
837 634 1 5
837 534 7 7
837 4 0 -2
837 359 8 2
837 262 0 1
837 877 1 -3
837 860 -1 0
837 118 9 -1
837 257 4 2
837 56 -1 5
837 294 10 -4
837 742 1 10
837 566 0 8
837 206 -1 -2
837 302 8 -5
837 174 2 -2
837 549 5 -3
837 105 -5 -3
837 519 4 4
837 61 3 2
837 60 4 3
837 978 6 -4
837 254 8 -4
837 891 9 3
837 498 6 -4
837 9 3 1
837 766 10 2
837 535 8 9
837 573 4 2
837 885 7 10
837 218 -2 5
837 193 10 1
837 924 1 -4
837 979 9 2
837 603 7 0
837 83 10 -3
837 560 -1 2
837 138 2 -5
837 579 5 -3
837 827 -4 4
837 7 7 0
837 241 7 1
837 225 1 4
837 821 5 -2
837 91 3 -5
837 136 -1 7
837 955 10 0
837 25 -3 -5
837 5 2 5
837 161 3 8
837 848 -2 7
837 508 10 3
837 396 9 6
837 30 5 -2
837 344 4 2
837 808 4 5
837 909 6 -3
837 942 2 7
837 815 -1 2
837 79 -2 8
837 157 4 6
837 50 5 8
837 781 9 1
837 545 5 4
837 750 2 9
837 612 -3 -3
837 620 9 -3
837 484 -5 7
837 673 6 4
837 272 7 9
837 617 -5 10
837 953 6 6
837 238 -4 -2
837 773 -1 3
837 171 9 -4
837 264 2 1
837 671 5 -1
837 327 2 2
837 835 1 -3
837 543 -3 -5
837 778 8 -5
837 172 -5 -3
837 424 9 -2
837 957 5 5
837 743 7 9
837 988 -2 7
837 892 9 1
837 271 8 6
837 297 9 4
837 19 -4 9
837 108 1 1
837 321 -2 2
837 954 10 9
837 876 8 -3
837 687 10 10
837 826 -2 -5
837 295 -2 6
837 405 10 2
837 873 -5 0
837 929 -1 7
837 320 3 10
837 682 10 -3
837 648 0 -5
837 431 -2 7
837 168 -4 3
837 708 2 7
837 757 7 -4
837 112 5 3
837 76 7 3
837 512 5 10
837 931 9 -3
837 311 6 2
837 94 0 10
837 411 -4 -5
837 441 1 8
837 353 -2 7
837 967 6 3
837 654 5 1
837 711 0 -2
837 652 7 -4
837 969 9 -2
837 868 4 -1
837 893 4 4
837 513 -2 0
837 659 1 4
837 29 6 4
837 376 2 0
837 878 -1 -2
837 844 -3 2
837 905 10 8
837 243 1 9
837 964 1 1
837 971 -3 -3
837 361 1 6
837 555 0 1
837 104 4 8
837 253 0 0
837 721 2 -3
837 663 -1 -5
837 768 6 3
837 589 -5 -4
837 468 -2 -2
837 792 10 2
837 966 7 2
837 237 8 -3
837 346 -5 -2
837 173 5 6
837 592 2 5
837 903 10 2
837 775 3 9
837 176 4 -1
837 454 -3 7
837 980 9 9
837 479 -1 1
837 404 9 10
837 974 -3 -4
837 8 2 -3
837 533 1 -3
837 323 -5 3
837 895 -2 7
837 326 10 2
837 800 -4 7
837 99 8 9
837 550 5 -4
837 131 1 0
837 578 -1 10
837 51 8 -1
837 69 2 3
837 156 5 0
837 499 -2 2
837 115 -3 -5
837 556 10 -3
837 367 -5 2
837 951 0 -3
837 452 0 -5
837 175 2 9
837 303 4 3
837 804 1 -3
837 432 6 -1
837 436 -2 9
837 794 1 -1
837 142 -5 1
837 180 5 0
837 996 5 7
837 34 2 6
837 810 6 2
837 167 2 -1
837 283 6 4
837 572 -4 -2
837 486 6 10
837 80 3 9
837 594 -3 0
837 737 6 6
837 421 6 -5
837 443 1 8
837 756 7 -4
837 437 -1 -4
837 749 -3 1
837 731 -2 -1
837 947 4 7
837 43 10 9
837 458 4 3
837 305 -2 0
837 610 -4 3
837 89 7 -2
837 100 5 2
837 480 -5 4
837 370 -1 3
837 185 -3 7
837 429 6 7
837 940 4 3
837 706 0 -1
837 162 9 -2
837 226 -5 6
837 591 -4 -3
837 593 6 5
837 562 4 4
837 442 6 8
837 250 10 6
837 733 -2 0
837 698 8 6
837 450 2 7
837 160 9 -1
837 68 1 -4
837 81 9 3
837 487 8 8
837 70 8 0
837 3 0 2
837 269 -4 -2
837 841 5 7
837 470 -1 4
837 36 4 10
837 63 6 9
837 266 6 5
837 423 -3 -5
837 520 3 6
837 21 -4 9
837 858 3 4
837 204 -3 1
837 689 4 8
837 240 -5 0
837 904 -4 7
837 293 4 6
837 474 6 5
837 134 10 3
837 372 3 4
837 391 1 5
837 899 -3 4
837 948 -3 0
837 636 -4 7
837 690 -2 10
837 64 4 0
837 406 5 1
837 746 8 7
837 55 -4 8
837 934 3 5
837 805 9 7
837 120 10 -1
837 869 7 3
837 958 -1 9
837 745 1 10
837 316 10 -2
837 494 7 -4
837 552 4 8
837 301 2 -3
837 169 -5 8
837 345 0 -2
837 444 9 -3
837 946 3 1
837 786 8 -3
837 770 -2 2
837 819 -3 1
837 71 6 4
837 275 -3 0
837 849 2 1
837 608 0 9
837 886 4 -5
837 24 0 4
837 649 -4 8
837 349 4 1
837 539 -1 2
837 467 -4 -3
837 128 8 4
837 635 -5 -3
837 859 4 5
837 541 6 9
837 910 1 2
837 790 -1 2
837 347 8 3
837 995 2 6
837 894 7 3
837 680 0 -1
837 643 -1 8
837 10 2 -1
837 365 5 6
837 95 0 0
837 997 7 -3
837 990 7 10
837 674 8 -5
837 699 8 4
837 440 6 3
837 317 2 10
837 553 -4 -2
837 685 9 2
837 669 -3 -2
837 158 8 0
837 150 0 7
837 703 -3 7
837 586 -3 -3
837 683 2 2
837 281 7 1
837 758 -2 6
837 394 7 8
837 331 6 -4
837 416 -3 -4
837 292 7 5
837 782 0 0
837 879 -2 -1
837 18 3 10
837 889 -4 -5
837 854 0 4
837 723 -1 -2
837 177 9 3
837 614 5 3
837 525 0 2
837 152 10 0
837 38 -3 1
837 41 6 -4
837 926 9 4
837 912 5 8
837 348 9 -5
837 491 4 5
837 702 1 -1
837 780 8 -5
837 932 1 -2
837 787 6 0
837 463 -4 -3
837 664 1 -5
837 501 2 2
837 382 -2 7
837 920 9 -1
837 412 4 4
837 329 -2 4
837 1 9 2
837 604 -3 6
837 342 -2 -1
837 220 4 9
837 298 -5 8
837 628 1 0
837 260 10 5
837 102 1 -4
837 200 10 6
837 686 0 2
837 199 -1 -5
837 615 2 7
837 803 8 2
837 852 -2 -3
837 935 9 1
837 335 -3 -3
837 992 -3 -2
837 870 10 -1
837 730 0 -4
837 380 9 0
837 973 0 5
837 135 -3 -1
837 943 7 6
837 764 2 -1
837 714 -1 7
837 908 -3 -2
837 728 8 5
837 230 8 7
837 724 -5 -5
837 961 10 9
837 417 3 0
837 530 10 6
837 788 5 7
837 48 9 8
837 154 6 -1
837 812 -2 -5
837 960 0 -2
837 453 9 -5
837 182 -1 3
837 420 3 2
837 343 7 1
837 300 -2 -3
837 797 10 -2
837 660 3 9
837 761 4 2
837 692 2 1
837 14 -4 8
837 12 4 7
837 75 10 1
837 676 -4 -2
837 500 -3 -4
837 495 10 5
837 645 2 7
837 244 -4 3
837 753 -5 9
837 339 8 -5
837 644 -4 4
837 518 3 -5
837 49 5 1
837 825 9 9
837 581 10 -5
837 993 9 7
837 918 10 3
837 496 1 5
837 963 0 10
837 902 -5 -4
837 558 5 -2
837 310 0 2
837 288 8 -3
837 727 1 3
837 719 -1 0
837 945 2 8
837 715 1 -2
837 789 1 -2
837 843 0 10
837 448 3 -5
837 364 2 1
837 540 -3 -1
837 277 7 -5
837 399 5 9
837 735 1 5
837 77 -1 -4
837 378 1 1
837 488 4 3
837 223 8 10
837 576 5 -2
837 874 -1 4
837 853 -3 4
837 469 5 3
837 314 10 -5
837 611 6 -2
837 236 -2 8
837 925 5 -4
837 17 1 1
837 898 2 4
837 694 -2 8
837 93 5 3
837 31 0 2
837 720 -5 -5
837 107 8 3
837 630 7 9
837 402 -4 -2
837 511 3 3
837 548 4 7
837 322 3 6
837 914 6 2
837 547 2 -5
837 864 10 5
837 114 3 4
837 340 8 10
837 916 -4 2
837 936 4 1
837 390 -4 0
837 976 8 -2
837 532 7 7
837 163 3 -5
837 195 -5 8
837 268 -2 0
837 248 8 3
837 521 7 9
837 930 6 6
837 984 5 2
837 485 6 3
837 455 -2 0
837 650 2 6
837 32 0 -4
837 713 10 9
837 324 -4 2
837 639 7 -3
837 726 -3 -2
837 806 5 2
837 597 -2 7
837 888 7 -3
837 341 2 9
837 939 10 -2
837 807 -3 2
837 187 10 3
837 477 0 1
837 28 3 7
837 319 10 1
837 752 -1 1
837 514 1 -2
837 927 6 6
837 700 -5 2
837 729 10 0
837 751 2 0
837 44 1 8
837 117 4 -4
837 145 1 2
837 917 0 5
837 313 0 7
837 672 -3 -4
837 718 0 -3
837 472 10 10
837 557 9 5
837 433 7 7
837 526 0 0
837 747 7 9
837 662 -1 7
837 619 -5 -5
837 334 -4 2
837 944 5 4
837 373 -5 4
837 867 5 7
837 337 7 5
837 717 4 2
837 103 10 9
837 213 -2 -5
837 418 6 8
837 710 9 7
837 831 3 -4
837 839 2 -3
837 59 3 -4
837 679 -4 8
837 651 4 8
837 234 2 9
837 201 -4 6
837 227 9 6
837 178 4 7
837 476 3 0
837 598 -3 -4
837 155 2 7
837 517 -3 10
837 497 -4 -1
837 333 3 6
837 357 2 1
837 148 8 7
837 84 4 6
837 140 9 -5
837 856 10 5
837 139 -4 -3
837 569 3 7
837 0 3 3
837 829 5 -2
837 481 3 0
837 22 -4 0
837 866 -2 10
837 599 3 1
837 956 3 -5
837 270 0 1
837 602 1 0
837 863 -4 -2
837 471 -2 10
837 585 1 9
837 906 -3 3
837 363 -1 2
837 419 2 -3
837 409 9 6
837 862 2 10
837 965 5 -3
837 165 6 8
837 811 10 -4
837 229 -5 7
837 637 -2 8
837 149 6 6
837 989 8 0
837 72 3 -3
837 282 -3 1
837 890 9 1
837 590 2 0
837 166 1 0
837 299 -2 2
837 351 8 -1
837 510 2 2
837 427 8 7
837 625 3 10
837 982 3 7
837 215 4 10
837 921 9 6
837 575 4 -1
837 245 3 1
837 197 -3 8
837 565 9 1
837 309 3 -4
837 379 6 7
837 483 -5 5
837 308 3 1
837 2 9 4
837 607 -2 -4
837 624 -3 3
837 646 0 10
837 861 9 -1
837 744 9 10
837 716 4 8
837 561 6 8
837 451 1 7
837 531 6 4
837 588 10 2
837 767 10 -5
837 386 -2 4
837 183 3 8
837 125 5 0
837 595 2 -4
837 774 7 2
837 559 3 0
837 434 -1 1
837 20 10 6
837 759 5 1
837 796 4 -2
837 884 -5 -3
837 194 4 4
837 771 8 -1
837 622 -3 10
837 221 9 -3
837 536 -2 1
837 881 5 9
837 769 7 0
837 457 5 -2
837 923 8 7
837 583 3 -4
837 665 10 6
837 567 -4 -5
837 616 8 0
837 98 3 6
837 58 -2 7
837 179 4 -5
837 358 -3 1
837 129 4 -5
837 291 7 -2
837 587 -4 1
837 116 2 3
837 53 3 9
837 950 1 -2
837 315 10 7
837 712 -5 1
837 696 0 6
837 762 6 2
837 35 -2 10
837 384 0 -1
837 46 -3 6
837 190 -2 -5
837 389 8 1
837 538 3 4
837 507 4 6
837 755 2 -4
837 153 4 4
837 239 7 4
837 938 7 4
837 799 1 -4
837 141 1 -5
837 527 9 0
837 151 7 0
837 465 8 -2
837 217 6 5
837 415 4 -4
837 962 0 0
837 765 3 3
837 836 5 3
837 461 -1 -4
837 855 -4 5
837 623 0 -1
837 693 9 -2
837 460 -1 -3
837 736 7 9
837 551 -1 -3
837 875 2 8
837 113 3 3
837 722 3 6
837 202 4 -1
837 505 5 3
837 704 8 2
837 445 10 4
837 66 1 -4
837 678 6 9
837 740 5 -4
837 232 -3 2
837 287 -2 -5
837 748 -1 5
837 605 5 -2
837 666 4 -3
837 144 7 2
837 857 7 -1
837 546 9 1
837 27 9 6
837 656 -5 6
837 397 8 -5
837 462 4 -5
837 609 0 9
837 33 5 -4
837 896 -2 5
837 670 9 10
837 697 -2 6
837 970 -2 2
837 763 -4 8
837 192 -5 9
837 502 -1 5
837 601 2 7
837 430 8 3
837 999 3 7
837 286 8 0
837 681 5 0
837 959 1 -2
837 937 2 6
837 208 7 6
837 355 -3 -1
837 435 4 9
837 67 -1 -3
837 203 -2 2
837 371 10 3
837 994 -3 2
837 393 -5 9
837 276 -3 -4
837 668 10 8
837 37 4 -4
837 882 8 0
837 493 8 5
837 132 8 7
837 554 5 -1
837 833 -3 8
837 834 5 7
837 198 -1 2
837 760 8 10
837 529 3 8
837 374 -5 10
837 137 -4 3
837 986 4 1
837 296 -4 -1
837 352 9 10
837 42 10 7
837 871 5 -3
837 410 3 -4
288 168 8 2
288 315 6 10
288 537 3 7
288 733 6 4
288 804 3 10
288 683 9 0
288 446 6 -4
288 48 4 1
288 402 6 5
288 506 10 7
288 774 1 -3
288 203 2 8
288 343 6 -5
288 294 1 1
288 437 7 6
288 672 2 4
288 912 8 4
288 542 10 10
288 29 -4 7
288 787 10 -3
288 812 -1 2
288 752 8 -3
288 489 3 6
288 273 -1 -1
288 928 -1 4
288 947 5 1
288 34 7 3
288 151 -4 4
288 899 0 3
288 60 6 10
288 464 4 9
288 840 6 9
288 965 -4 6
288 296 4 8
288 665 3 4
288 396 -3 -3
288 133 1 6
288 668 7 6
288 884 7 7
288 953 6 9
288 700 -2 7
288 317 -4 2
288 274 -4 10
288 213 2 0
288 833 0 -4
288 104 5 7
288 87 5 -2
288 553 10 2
288 181 7 2
288 552 1 -3
288 548 2 0
288 472 3 -3
288 648 4 8
288 246 9 -3
288 818 -4 2
288 98 5 10
288 883 4 10
288 873 0 -1
288 158 -5 0
288 789 1 10
288 635 1 1
288 551 -2 1
288 237 2 10
288 58 2 8
288 149 4 -3
288 70 -2 9
288 322 8 -4
288 591 10 -5
288 373 3 -4
288 6 7 3
288 465 7 2
288 461 6 5
288 325 -3 10
288 441 7 1
288 210 10 1
288 299 7 7
288 397 -4 -2
288 191 1 0
288 145 -3 8
288 908 -3 0
288 897 4 10
288 923 5 7
288 779 -1 1
288 615 -1 -1
288 788 4 8
288 777 7 -1
288 501 10 -2
288 801 -5 1
288 466 -5 10
288 867 -4 5
288 994 6 1
288 905 -5 6
288 855 -2 9
288 643 -3 2
288 169 6 6
288 924 -1 4
288 46 -3 10
288 187 1 7
288 745 6 5
288 412 -2 6
288 714 1 3
288 281 5 -4
288 914 2 -5
288 341 6 -1
288 9 -4 -1
288 569 -1 2
288 154 1 1
288 986 -2 8
288 419 5 5
288 608 0 3
288 652 -4 -2
288 421 5 -1
288 307 2 9
288 749 -5 10
288 784 0 -3
288 892 0 10
288 563 4 4
288 944 10 -3
288 90 3 -5
288 984 -1 0
288 292 -5 1
288 716 8 3
288 573 8 -4
288 970 2 4
288 644 2 6
288 853 9 7
288 540 -2 -2
288 952 0 9
288 143 4 10
288 587 7 9
288 62 6 -1
288 172 6 -2
288 512 -2 10
288 919 6 4
288 117 -2 -1
288 676 5 8
288 550 7 4
288 193 -3 10
288 316 7 6
288 359 -3 1
288 302 5 7
288 469 1 8
288 388 1 0
288 330 0 10
288 139 8 -3
288 689 8 -5
288 640 2 2
288 96 9 2
288 263 7 -4
288 690 0 2
288 486 2 8
288 404 -2 1
288 43 5 4
288 448 -4 6
288 249 -3 4
288 361 -5 -3
288 636 -1 -3
288 619 -2 9
288 499 -3 -2
288 354 7 -5
288 973 -5 -4
288 121 3 9
288 256 2 1
288 565 1 8
288 487 -3 -2
288 252 -1 10
288 107 1 6
288 599 6 7
288 710 8 0
288 496 4 3
288 364 2 7
288 27 10 2
288 93 0 10
288 428 10 -4
288 101 -2 -2
288 590 -5 -3
288 25 1 -4
288 443 5 3
288 208 8 -3
288 445 8 8
288 642 3 1
288 800 5 0
288 460 -4 -5
288 153 -3 1
288 762 -5 4
288 831 0 0
288 320 5 -5
288 629 -1 0
288 735 -2 4
288 769 7 -1
288 287 -5 4
288 332 10 2
288 228 3 1
288 866 4 -1
288 156 -3 -3
288 623 -5 5
288 554 7 9
880 766 4 -5
880 149 -1 8
880 427 7 -4
880 990 2 8
880 654 5 6
880 174 8 -5
880 178 -5 -3
880 719 -5 7
880 897 2 1
880 876 8 6
880 571 4 -1
880 826 -4 5
880 969 4 -4
880 679 -5 -1
880 987 10 3
880 667 6 9
880 612 -1 10
880 323 -4 6
880 975 6 -3
880 794 -2 -4
880 666 -3 -1
880 803 6 7
880 648 1 4
880 861 -2 6
880 349 -4 4
880 137 -4 3
880 111 4 6
880 74 -5 6
880 320 8 10
880 258 -5 -5
880 935 -5 9
880 60 -5 4
880 165 6 -3
880 827 1 3
880 47 8 9
880 872 -4 -4
880 842 -4 10
880 136 -4 0
880 463 0 -3
880 240 2 0
880 483 -2 7
880 348 -1 8
880 306 10 0
880 424 4 6
880 126 -2 6
880 57 5 7
880 790 -4 3
880 622 -4 7
880 754 3 9
880 29 -1 9
880 967 4 -3
880 579 -2 0
880 89 9 8
880 490 10 -3
880 134 -5 -3
880 708 -1 5
880 378 7 -1
880 566 -5 -3
727 476 4 2
369 697 10 -1
369 402 7 6
369 640 -2 9
369 521 -2 10
369 755 7 3
369 453 6 6
369 280 -1 8
369 991 6 8
369 987 0 -2
369 154 5 -3
369 126 3 0
369 145 -3 7
369 386 -2 4
369 340 -2 3
369 862 8 -2
369 743 0 0
369 105 3 9
369 660 -1 -5
369 208 -2 -1
369 457 3 -3
369 383 -3 0
369 874 5 0
369 667 2 2
369 273 -2 6
369 485 -1 -3
927 629 -5 3
927 242 -2 3
137 934 1 8
821 526 6 10
